550	0.0522150590957975
550.25025025025	0.0535122278241585
550.5005005005	0.0548093965525195
550.750750750751	0.0561065652808804
551.001001001001	0.0574037340092414
551.251251251251	0.0587009027376024
551.501501501501	0.0591026806623122
551.751751751752	0.0578055119339511
552.002002002002	0.05650834320559
552.252252252252	0.0552111744772289
552.502502502502	0.0574978648373144
552.752752752753	0.0652808772074809
553.003003003003	0.0650673609389203
553.253253253253	0.0640944843926489
553.503503503503	0.0631216078463775
553.753753753754	0.0621487313001061
554.004004004004	0.0611758547538343
554.254254254254	0.0602029782075629
554.504504504504	0.0613118852797774
554.754754754755	0.0624469079170933
555.005005005005	0.0635819305544093
555.255255255255	0.0647169531917252
555.505505505505	0.0658519758290412
555.755755755756	0.0669970429144752
556.006006006006	0.068294211642837
556.256256256256	0.0695913803711989
556.506506506506	0.0708885490995608
556.756756756757	0.0721857178279226
557.007007007007	0.0734828865562845
557.257257257257	0.0746253707836281
557.507507507507	0.0747875168746732
557.757757757758	0.0749496629657183
558.008008008008	0.0751118090567634
558.258258258258	0.0752739551478085
558.508508508508	0.0754361012388537
558.758758758759	0.0757952730429806
559.009009009009	0.0768928773515945
559.259259259259	0.0779904816602083
559.509509509509	0.0790880859688221
559.75975975976	0.0801856902774359
560.01001001001	0.0812832945860497
560.26026026026	0.0823808988946635
560.51051051051	0.0838229806119756
560.760760760761	0.0853559982000386
561.011011011011	0.0868890157881016
561.261261261261	0.0884220333761646
561.511511511511	0.0899550509642276
561.761761761762	0.0910926216736622
562.012012012012	0.0915250112497825
562.262262262262	0.0919574008259029
562.512512512512	0.0923897904020232
562.762762762763	0.0928221799781436
563.013013013013	0.0987937478763309
563.263263263263	0.105279591518149
563.513513513513	0.106944413137078
563.763763763764	0.108300544080365
564.014014014014	0.109656675023651
564.264264264264	0.111012805966938
564.514514514514	0.112368936910224
564.764764764765	0.113777481610053
565.015015015015	0.115236796429459
565.265265265265	0.116696111248865
565.515515515515	0.118155426068272
565.765765765766	0.119614740887678
566.016016016016	0.121074055707084
566.266266266266	0.121935391048541
566.516516516516	0.122367780624662
566.766766766767	0.122800170200782
567.017017017017	0.123232559776903
567.267267267267	0.12441110835608
567.517517517517	0.130248367633705
567.767767767768	0.135135135135135
568.018018018018	0.135135135135135
568.268268268268	0.135135135135135
568.518518518518	0.135135135135135
568.768768768769	0.136788164311111
569.019019019019	0.144571176681277
569.269269269269	0.165650742485604
569.519519519519	0.164677865939333
569.769769769769	0.163704989393062
570.02002002002	0.162732112846791
570.27027027027	0.16389784279693
570.52052052052	0.170383686438753
570.77077077077	0.191365677604236
571.021021021021	0.199148689974401
571.271271271271	0.206931702344567
571.521521521521	0.213805548667834
571.771771771771	0.205333774141209
572.022022022022	0.250734679633846
572.272272272272	0.234518922592277
572.522522522522	0.235184726010467
572.772772772772	0.274099787861299
573.023023023023	0.288967407774771
573.273273273273	0.325547565914549
573.523523523523	0.362127724054326
573.773773773773	0.306258092955261
574.024024024024	0.314936496129399
574.274274274274	0.384335023096716
574.524524524524	0.351106840785563
574.774774774774	0.360546326142854
575.025025025025	0.434618104342853
575.275275275275	0.424240754515965
575.525525525525	0.405527660688171
575.775775775775	0.381975630064322
576.026026026026	0.387920986735977
576.276276276276	0.393866343407631
576.526526526526	0.399811700079285
576.776776776776	0.40575705675094
577.027027027027	0.378998264319304
577.277277277277	0.35080034162627
577.527527527527	0.375449417307211
577.777777777777	0.366693528390766
578.028028028028	0.35793763947432
578.278278278278	0.349181750557875
578.528528528528	0.321252445105568
578.778778778778	0.30771138110602
579.029029029029	0.323307252206324
579.279279279279	0.317764804003327
579.529529529529	0.31222235580033
579.779779779779	0.306679907597333
580.03003003003	0.301137459394336
580.28028028028	0.300125431241647
580.53053053053	0.310286586280488
580.78078078078	0.320447741319328
581.031031031031	0.324061064122193
581.281281281281	0.314116103871425
581.531531531531	0.304171143620657
581.781781781781	0.300927401844854
582.032032032032	0.30945165348837
582.282282282282	0.317975905131885
582.532532532532	0.3265001567754
582.782782782782	0.351985012535502
583.033033033033	0.32560542193567
583.283283283283	0.312052878566645
583.533533533533	0.321133059665173
583.783783783783	0.3302132407637
584.034034034034	0.328833420576526
584.284284284284	0.315861733292884
584.534534534534	0.349257514395229
584.784784784784	0.353789569385835
585.035035035035	0.331416278664007
585.285285285285	0.340496459762539
585.535535535535	0.348509059518251
585.785785785785	0.355643487524237
586.036036036036	0.362777915530222
586.286286286286	0.370943682870302
586.536536536536	0.379838554150491
586.786786786786	0.388733425430679
587.037037037037	0.395925971843401
587.287287287287	0.391645315039809
587.537537537537	0.387364658236218
587.787787787787	0.374973138275924
588.038038038037	0.384312753120123
588.288288288288	0.393652367964321
588.538538538538	0.394217612107511
588.788788788788	0.390974690286609
589.039039039038	0.387731768465706
589.289289289289	0.389252784894992
589.539539539539	0.392495706715895
589.789789789789	0.395738628536797
590.040040040039	0.396479047855194
590.29029029029	0.396479047855194
590.54054054054	0.396479047855194
590.79079079079	0.396479047855194
591.04104104104	0.396479047855194
591.291291291291	0.396479047855194
591.541541541541	0.389625864396448
591.791791791791	0.386721583969356
592.042042042041	0.412664958536577
592.292292292292	0.409967306756284
592.542542542542	0.403481463114476
592.792792792792	0.39699561947267
593.043043043042	0.400572262957591
593.293293293293	0.405019698597686
593.543543543543	0.409467134237781
593.793793793793	0.408604016860891
594.044044044043	0.401599305727743
594.294294294294	0.394594594594594
594.544544544544	0.407245165654966
594.794794794794	0.420000658150534
595.045045045044	0.432444239783699
595.295295295295	0.435409196877096
595.545545545545	0.438374153970492
595.795795795795	0.441339111063888
596.046046046045	0.442822409565529
596.296296296296	0.443211560184038
596.546546546546	0.443524946965313
596.796796796796	0.443200654783223
597.047047047046	0.442876362601133
597.297297297297	0.439251177783272
597.547547547547	0.415902140672773
597.797797797797	0.432051317372417
598.048048048047	0.446359203239859
598.298298298298	0.42595255806268
598.548548548548	0.435292172906879
598.798798798798	0.44090420695923
599.049049049048	0.433121194589064
599.299299299299	0.444439852696771
599.549549549549	0.458908449734144
599.799799799799	0.462583761131167
600.050050050049	0.46625907252819
600.3003003003	0.469943403429645
600.55055055055	0.473649599796391
600.8008008008	0.477355796163138
601.05105105105	0.481061992529883
601.301301301301	0.481130212781589
601.551551551551	0.485430384512959
601.801801801801	0.490619059426409
602.052052052051	0.49580773433986
602.302302302302	0.503292283108819
602.552552552552	0.523638317216398
602.802802802802	0.515645232388323
603.053053053052	0.502997837286804
603.303303303303	0.490350442185284
603.553553553553	0.477703047083765
603.803803803803	0.497098015446659
604.054054054053	0.505041738986688
604.304304304304	0.498988284921003
604.554554554554	0.492934830855318
604.804804804804	0.486881376789634
605.055055055054	0.481336841428583
605.305305305305	0.490417022527132
605.555555555555	0.512505165716214
605.805805805805	0.524957985508479
606.056056056055	0.537410805300743
606.306306306305	0.534114389618946
606.556556556556	0.519845533606974
606.806806806806	0.505576677595002
607.057057057056	0.520497561781974
607.307307307306	0.52828057415214
607.557557557557	0.536063586522306
607.807807807807	0.518141995206215
608.058058058057	0.510358982836044
608.308308308307	0.502575970465877
608.558558558558	0.50898834614412
608.808808808808	0.478042262446058
609.059059059058	0.51695732429689
609.309309309308	0.523321486624224
609.559559559559	0.51813281171078
609.809809809809	0.512944136797336
610.060060060059	0.495688348899316
610.310310310309	0.494751632366393
610.56056056056	0.541449706587391
610.81081081081	0.529134639226356
611.06106106106	0.515212460166594
611.31131131131	0.525589809993482
611.561561561561	0.533763120919093
611.811811811811	0.54154613328927
612.062062062061	0.549329145659447
612.312312312311	0.536407967600575
612.562562562562	0.542397902489758
612.812812812812	0.580015795612218
613.063063063062	0.555314488800662
613.313313313312	0.548151362371587
613.563563563563	0.569554646389544
613.813813813813	0.588709810728159
614.064064064063	0.58885132004398
614.314314314313	0.588992829359802
614.564564564564	0.589134338675623
614.814814814814	0.589275847991444
615.065065065064	0.589237861714927
615.315315315314	0.58430862054715
615.565565565565	0.579379379379374
615.815815815815	0.574450138211597
616.066066066065	0.56952089704382
616.316316316315	0.580541550725089
616.566566566566	0.599616053362219
616.816816816816	0.594535475842805
617.067067067066	0.58945489832339
617.317317317316	0.584374320803976
617.567567567567	0.579293743284562
617.817817817817	0.574213165765148
618.068068068067	0.58272263088782
618.318318318317	0.599316059178437
618.568568568568	0.592505923354535
618.818818818818	0.585695787530633
619.069069069068	0.578885651706731
619.319319319318	0.584791213231613
619.569569569569	0.59136965711888
619.819819819819	0.587045761357677
620.070070070069	0.582721865596473
620.320320320319	0.57839796983527
620.57057057057	0.574074074074067
620.82082082082	0.579607130065855
621.07107107107	0.597749125272095
621.32132132132	0.604115792189187
621.571571571571	0.604233716619038
621.821821821821	0.604351641048889
622.072072072071	0.60446956547874
622.322322322321	0.604587489908591
622.572572572572	0.604085354467613
622.822822822822	0.602680088345222
623.073073073072	0.601274822222831
623.323323323322	0.599869556100439
623.573573573573	0.598464289978048
623.823823823823	0.597059023855657
624.074074074073	0.597579230606759
624.324324324323	0.600173568063481
624.574574574573	0.602767905520202
624.824824824824	0.605362242976924
625.075075075074	0.607956580433646
625.325325325324	0.610550917890368
625.575575575574	0.612424350956461
625.825825825825	0.613721519684823
626.076076076075	0.615018688413185
626.326326326325	0.616315857141547
626.576576576575	0.617613025869909
626.826826826826	0.618910194598271
627.077077077076	0.625928680974576
627.327327327326	0.636306030801464
627.577577577576	0.646683380628353
627.827827827827	0.643356276766048
628.078078078077	0.633195121727221
628.328328328327	0.623033966688395
628.578578578577	0.616883193080946
628.828828828828	0.612415167461032
629.079079079078	0.607947141841118
629.329329329328	0.603479116221204
629.579579579578	0.604898476458162
629.829829829829	0.623058838655217
630.080080080079	0.637178462866568
630.330330330329	0.650150150150178
630.580580580579	0.663121837433789
630.83083083083	0.655278367052046
631.08108108108	0.642739069344556
631.33133133133	0.630199771637066
631.58158158158	0.63905495709778
631.831831831831	0.651594254805269
632.082082082081	0.664133552512763
632.332332332331	0.654153771508494
632.582582582581	0.641398279012926
632.832832832832	0.628642786517358
633.083083083082	0.656189063681526
633.333333333332	0.66741052979581
633.583583583582	0.654438842512203
633.833833833833	0.623949637711033
634.084084084083	0.614127889357273
634.334334334333	0.627090393145453
634.584584584583	0.634873405515619
634.834834834834	0.642656417885786
635.085085085084	0.649328227309857
635.335335335334	0.628573527656079
635.585585585584	0.634818304543085
635.835835835835	0.660714231050622
636.086086086085	0.665038126811831
636.336336336335	0.669362022573041
636.586586586585	0.682012287517119
636.836836836836	0.702950657079059
637.087087087086	0.688941234812762
637.337337337336	0.678795768245333
637.587587587586	0.690470286800582
637.837837837837	0.702144805355832
638.088088088087	0.708587027394347
638.338338338337	0.692372418289833
638.588588588587	0.67615780918532
638.838838838838	0.671460451276995
639.089089089088	0.70932859464972
639.339339339338	0.711601509766624
639.589589589588	0.696467109311037
639.839839839839	0.667929397287093
640.090090090089	0.665716174890504
640.340340340339	0.680992919525145
640.590590590589	0.696090585998866
640.84084084084	0.705430200843065
641.09109109109	0.708212034664615
641.34134134134	0.698050879625786
641.59159159159	0.687889724586958
641.841841841841	0.68483353383966
642.092092092091	0.693697520150127
642.342342342341	0.702561506460594
642.592592592591	0.703169530386646
642.842842842841	0.691927401407503
643.093093093092	0.68068527242836
643.343343343342	0.680092171682426
643.593593593592	0.692631469389916
643.843843843842	0.705170767097406
644.094094094093	0.695273254906198
644.344344344343	0.661684620400228
644.594594594593	0.666873295313673
644.844844844843	0.688921949472428
645.095095095094	0.701374769264692
645.345345345344	0.713827589056957
645.595595595594	0.701903738600969
645.845845845844	0.67440835330744
646.096096096095	0.689974378047773
646.346346346345	0.700898145852278
646.596596596595	0.708681158222454
646.846846846845	0.71646417059263
647.097097097096	0.717466319530532
647.347347347346	0.714547689891719
647.597597597596	0.711629060252906
647.847847847846	0.708710430614093
648.098098098097	0.705791800975281
648.348348348347	0.702873171336468
648.598598598597	0.72933575777614
648.848848848847	0.740231975094372
649.099099099098	0.751128192412603
649.349349349348	0.773766426977417
649.599599599598	0.745747582444821
649.849849849848	0.717728737912225
650.100100100099	0.724821151426666
650.350350350349	0.741684344895381
650.600600600599	0.758547538364095
650.850850850849	0.743653917679091
651.1011011011	0.721764195387998
651.35135135135	0.699874473096905
651.6016016016	0.707709429613122
651.85185185185	0.720518970805687
652.102102102101	0.733328511998253
652.352352352351	0.703384577237761
652.602602602601	0.690828443122028
652.852852852851	0.710285974047443
653.103103103102	0.718874838140901
653.353353353352	0.726657850511079
653.603603603602	0.734440862881256
653.853853853852	0.731758516926703
654.104104104103	0.728731789893861
654.354354354353	0.725799193689141
654.604604604603	0.740500439277233
654.854854854853	0.755201684865325
655.105105105104	0.768947846929483
655.355355355354	0.755471067397645
655.605605605604	0.73731070520059
655.855855855854	0.719150343003535
656.106106106105	0.761784720500391
656.356356356355	0.770573325619176
656.606606606605	0.731933768631015
656.856856856855	0.724799340625019
657.107107107106	0.717664912619023
657.357357357356	0.708033721795112
657.607607607606	0.684684684684613
657.857857857856	0.692743201917575
658.108108108107	0.710885197123721
658.358358358357	0.706993690938638
658.608608608607	0.703102184753555
658.858858858857	0.70898421357142
659.109109109108	0.709025539300754
659.359359359358	0.695016117034454
659.609609609608	0.686189629996974
659.859859859858	0.691702597092515
660.110110110109	0.697215564188057
660.360360360359	0.716960079345462
660.610610610609	0.739592803812998
660.860860860859	0.755158828553354
661.111111111109	0.762404606441279
661.36136136136	0.753486571433796
661.61161161161	0.744568536426314
661.86186186186	0.740907478579506
662.11211211211	0.745934007401905
662.362362362361	0.750960536224303
662.612612612611	0.776469129680175
662.862862862861	0.755021076121981
663.113113113111	0.727002231589367
663.363363363362	0.725679808248626
663.613613613612	0.741907044659362
663.863863863862	0.757473069399719
664.114114114112	0.75909854808933
664.364364364363	0.746126860805719
664.614614614613	0.733155173522108
664.864864864863	0.730411604264832
665.115115115113	0.736897447906637
665.365365365364	0.743383291548443
665.615615615614	0.704587155963318
665.865865865864	0.713926770807517
666.116116116114	0.723266385651715
666.366366366365	0.722332424167281
666.616616616615	0.714549411797115
666.866866866865	0.706766399426948
667.117117117115	0.704149103231672
667.367367367366	0.704473395413762
667.617617617616	0.704797687595853
667.867867867866	0.702060431991612
668.118118118116	0.697844633624439
668.368368368367	0.693628835257265
668.618618618617	0.708748656913769
668.868868868867	0.695517535884485
669.119119119117	0.682286414855202
669.369369369368	0.731515001239757
669.619619619618	0.719062181447493
669.869869869868	0.706609361655228
670.120120120118	0.724329834421592
670.370370370369	0.731844994841898
670.620620620619	0.697253828752173
670.870870870869	0.702519032794315
671.121121121119	0.703210090824682
671.37137137137	0.678563884985829
671.62162162162	0.674559880981897
671.87187187187	0.673911296617717
672.12212212212	0.673262712253536
672.372372372371	0.6737781359341
672.622622622621	0.674426720298281
672.872872872871	0.675075304662461
673.123123123121	0.674511667630933
673.373373373372	0.673863083266752
673.623623623622	0.673214498902572
673.873873873872	0.688321348871849
674.124124124122	0.680992919524911
674.374374374373	0.650193771753428
674.624624624623	0.656679615395232
674.874874874873	0.663165459037036
675.125125125123	0.668934990035886
675.375375375374	0.659854808937358
675.625625625624	0.650774627838831
675.875875875874	0.644176286378155
676.126126126124	0.664930986031931
676.376376376375	0.661096876693184
676.626626626625	0.642161657069905
676.876876876875	0.631784307243018
677.127127127125	0.621406957416131
677.377377377376	0.613839183219916
677.627627627626	0.621297903408002
677.877877877876	0.628756623596089
678.128128128126	0.634763203570543
678.378378378377	0.634763203570543
678.628628628627	0.634763203570543
678.878878878877	0.634763203570543
679.129129129127	0.634763203570543
679.379379379378	0.634763203570543
679.629629629628	0.63563563563564
679.879879879878	0.638878557456543
680.130130130128	0.642121479277445
680.380380380378	0.643676359846082
680.630630630629	0.641406314571449
680.880880880879	0.639136269296815
681.131131131129	0.636866224022182
681.381381381379	0.634596178747549
681.63163163163	0.632326133472916
681.88188188188	0.628287308715423
682.13213213213	0.621369075497498
682.38238238238	0.614450842279573
682.632632632631	0.607532609061648
682.882882882881	0.600614375843723
683.133133133131	0.609889706219993
683.383383383381	0.614710849993723
683.633633633632	0.612873194295211
683.883883883882	0.6110355385967
684.134134134132	0.609197882898188
684.384384384382	0.607360227199677
684.634634634633	0.605522571501165
684.884884884883	0.604314176561883
685.135135135133	0.603665592197702
685.385385385383	0.603017007833521
685.635635635634	0.60236842346934
685.885885885884	0.601719839105159
686.136136136134	0.601071254740978
686.386386386384	0.600096464966493
686.636636636635	0.598907393632162
686.886886886885	0.597718322297831
687.137137137135	0.5965292509635
687.387387387385	0.595340179629169
687.637637637636	0.594151108294838
687.887887887886	0.593181866882172
688.138138138136	0.592317087729931
688.388388388386	0.591452308577689
688.638638638637	0.590587529425448
688.888888888887	0.589722750273207
689.139139139137	0.588857971120966
689.389389389387	0.58864368956112
689.639639639638	0.58864368956112
689.889889889888	0.58864368956112
690.140140140138	0.58864368956112
690.390390390388	0.588643689561121
690.640640640639	0.588643689561121
690.890890890889	0.580066304836935
691.141141141139	0.569688955010034
691.391391391389	0.559311605183134
691.64164164164	0.566208410245233
691.89189189189	0.583684602033184
692.14214214214	0.570712914749578
692.39239239239	0.550729628711231
692.642642642641	0.54112943218449
692.892892892891	0.546966691462114
693.143143143141	0.550210761219935
693.393393393391	0.550210761219935
693.643643643642	0.550210761219935
693.893893893892	0.550210761219935
694.144144144142	0.550210761219935
694.394394394392	0.550114334518004
694.644644644643	0.542331322147824
694.894894894893	0.534548309777647
695.145145145143	0.527536711022978
695.395395395393	0.535319723393143
695.645645645644	0.543102735763308
695.895895895894	0.550226832336924
696.146146146144	0.550412142155261
696.396396396394	0.550597451973599
696.646646646645	0.550782761791936
696.896896896895	0.550715088176861
697.147147147145	0.550498893388801
697.397397397395	0.550282698600741
697.647647647646	0.55748133454556
697.897897897896	0.568377551863792
698.148148148146	0.557571332800556
698.398398398396	0.543965984333035
698.648648648646	0.546491445573996
698.898898898897	0.541302770660552
699.149149149147	0.536114095747108
699.399399399397	0.530925420833664
699.649649649647	0.527151004215224
699.899899899898	0.527151004215224
700.150150150148	0.527151004215224
700.400400400398	0.527151004215224
700.650650650648	0.527151004215224
700.900900900899	0.527151004215224
701.151151151149	0.526476017301703
701.401401401399	0.52453026420916
701.651651651649	0.522584511116617
701.9019019019	0.520638758024074
702.15215215215	0.518693004931532
702.4024024024	0.516747251838989
702.65265265265	0.514072941442961
702.902902902901	0.510397630045938
703.153153153151	0.506722318648915
703.403403403401	0.503047007251892
703.653653653651	0.49937169585487
703.903903903902	0.495696384457847
704.154154154152	0.493521043979758
704.404404404402	0.492872459615577
704.654654654652	0.492223875251396
704.904904904903	0.491575290887215
705.155155155153	0.490926706523035
705.405405405403	0.490278122158854
705.655655655653	0.489875961588499
705.905905905904	0.489659766800439
706.156156156154	0.489443572012379
706.406406406404	0.489227377224318
706.656656656654	0.489011182436258
706.906906906905	0.488794987648198
707.157157157155	0.484539585457006
707.407407407405	0.478053741815202
707.657657657655	0.471567898173397
707.907907907906	0.4739211688753
708.158158158156	0.480407012517105
708.408408408406	0.486892856158911
708.658658658656	0.483591389554688
708.908908908907	0.476456961548693
709.159159159157	0.469322533542698
709.409409409407	0.471991486899759
709.659659659657	0.477828746177383
709.909909909908	0.483666005455008
710.160160160158	0.479217749859938
710.410410410408	0.472083321853949
710.660660660658	0.464948893847963
710.910910910909	0.468582114224324
711.161161161159	0.474419373501948
711.411411411409	0.480256632779572
711.661661661659	0.476531577449
711.91191191191	0.471342902535549
712.16216216216	0.466154227622098
712.41241241241	0.469177893489834
712.66266266266	0.473069399674916
712.912912912911	0.476960905859999
713.163163163161	0.447235653084258
713.413413413411	0.440425517260363
713.663663663661	0.433615381436468
713.913913913912	0.426805245612573
714.164164164162	0.428543222121219
714.414414414412	0.438724274733446
714.664664664662	0.436778521640903
714.914914914913	0.434832768548361
715.165165165163	0.432887015455818
715.415415415413	0.430941262363275
715.665665665663	0.428995509270732
715.915915915914	0.427240026723972
716.166166166164	0.427402172815017
716.416416416414	0.427564318906062
716.666666666664	0.427726464997107
716.916916916914	0.427888611088152
717.167167167165	0.428050757179197
717.417417417415	0.427874835845015
717.667667667665	0.425983131449487
717.917917917915	0.42409142705396
718.168168168166	0.422199722658432
718.418418418416	0.420308018262904
718.668668668666	0.418416313867377
718.918918918916	0.416343809405725
719.169169169167	0.413695423251988
719.419419419417	0.411047037098251
719.669669669667	0.408398650944514
719.919919919917	0.405750264790776
720.170170170168	0.403101878637039
720.420420420418	0.400825998016361
720.670670670668	0.399366683196955
720.920920920918	0.397907368377549
721.171171171169	0.396448053558143
721.421421421419	0.394988738738737
721.671671671669	0.393529423919331
721.921921921919	0.390624569523647
722.17217217217	0.385435894610199
722.42242242242	0.38024721969675
722.67267267267	0.375058544783301
722.92292292292	0.369869869869853
723.173173173171	0.379365604136276
723.423423423421	0.381353830895094
723.673673673671	0.373570818524928
723.923923923921	0.365787806154762
724.174174174172	0.358170096702248
724.424424424422	0.380600784270474
724.674674674672	0.35206307224653
724.924924924922	0.342307904234514
725.175175175173	0.348793747876319
725.425425425423	0.355279591518125
725.675675675673	0.357302256384824
725.925925925923	0.356005087656462
726.176176176174	0.3547079189281
726.426426426424	0.353410750199738
726.676676676674	0.352113581471376
726.926926926924	0.350816412743015
727.177177177175	0.346578229605737
727.427427427425	0.340740970328113
727.677677677675	0.334903711050488
727.927927927925	0.341061244730988
728.178178178176	0.346135125951617
728.428428428426	0.32538042629784
728.678678678676	0.319847370306086
728.928928928926	0.320171662488176
729.179179179177	0.320495954670266
729.429429429427	0.320450898145851
729.679679679677	0.320288752054806
729.929929929927	0.320126605963761
730.180180180178	0.319964459872716
730.430430430428	0.319802313781671
730.680680680678	0.319640167690626
730.930930930928	0.31600866921967
731.181181181179	0.311684773458466
731.431431431429	0.307360877697262
731.681681681679	0.303036981936057
731.931931931929	0.304437464987937
732.18218218218	0.314814814814822
732.43243243243	0.307525415323576
732.68268268268	0.298445234225048
732.93293293293	0.289365053126521
733.183183183181	0.281510868666813
733.433433433431	0.285758235299581
733.683683683681	0.30391859749663
733.933933933931	0.300235359868376
734.184184184182	0.296158543864956
734.434434434432	0.292081727861536
734.684684684682	0.289342094387963
734.934934934932	0.2878090767999
735.185185185182	0.286276059211837
735.435435435433	0.284743041623774
735.685685685683	0.283210024035711
735.935935935933	0.281688990213455
736.186186186183	0.280283724091062
736.436436436434	0.27887845796867
736.686686686684	0.277473191846278
736.936936936934	0.276067925723886
737.187187187184	0.274662659601494
737.437437437435	0.273493677163402
737.687687687685	0.273493677163402
737.937937937935	0.273493677163402
738.188188188185	0.273493677163402
738.438438438436	0.273493677163402
738.688688688686	0.273493677163402
738.938938938936	0.273493677163402
739.189189189186	0.273493677163402
739.439439439437	0.273493677163402
739.689689689687	0.273493677163402
739.939939939937	0.273493677163402
740.190190190187	0.273493677163402
740.440440440438	0.271027908642564
740.690690690688	0.263244896272398
740.940940940938	0.255461883902231
741.191191191188	0.251811444472002
741.441441441439	0.255702950657087
741.691691691689	0.25959445684217
741.941941941939	0.242683050022417
742.192192192189	0.236167933989032
742.44244244244	0.234546473078581
742.69269269269	0.23292501216813
742.94294294294	0.231303551257679
743.19319319319	0.236744772295231
743.443443443441	0.242582031572855
743.693693693691	0.238020704190426
743.943943943941	0.233156321459068
744.194194194191	0.228291938727709
744.444444444442	0.223751274210016
744.694694694692	0.234128624036905
744.944944944942	0.237591088795212
745.195195195192	0.235158897429535
745.445445445443	0.232726706063858
745.695695695693	0.230294514698182
745.945945945943	0.227862323332505
746.196196196193	0.225430131966828
746.446446446444	0.22276557903469
746.696696696694	0.219955046789905
746.946946946944	0.217144514545121
747.197197197194	0.214333982300335
747.447447447445	0.213323415158302
747.697697697695	0.221106427528467
747.947947947945	0.227236410722647
748.198198198195	0.226528864143541
748.448448448446	0.225821317564435
748.698698698696	0.225113770985329
748.948948948946	0.224406224406223
749.199199199196	0.223698677827117
749.449449449447	0.22072722569664
749.699699699697	0.217051914299615
749.949949949947	0.21337660290259
750.200200200197	0.209701291505564
750.450450450448	0.206025980108539
750.700700700698	0.202350668711514
750.950950950948	0.20102824537075
751.201201201198	0.20016346621851
751.451451451449	0.199298687066269
751.701701701699	0.198433907914028
751.951951951949	0.197569128761787
752.202202202199	0.196704349609547
752.45245245245	0.19574103920434
752.7027027027	0.194768162658068
752.95295295295	0.193795286111797
753.2032032032	0.192822409565525
753.45345345345	0.191849533019254
753.703703703701	0.190876656472982
753.953953953951	0.189903779926712
754.204204204201	0.188930903380441
754.454454454451	0.18795802683417
754.704704704702	0.186985150287899
754.954954954952	0.186012273741629
755.205205205202	0.185029639731472
755.455455455452	0.183894617094156
755.705705705703	0.18275959445684
755.955955955953	0.181624571819524
756.206206206203	0.180489549182209
756.456456456453	0.179354526544893
756.706706706704	0.17819769310595
756.956956956954	0.176900524377587
757.207207207204	0.175603355649225
757.457457457454	0.174306186920863
757.707707707705	0.173009018192501
757.957957957955	0.171711849464139
758.208208208205	0.170550137293254
758.458458458455	0.169901552929074
758.708708708706	0.169252968564893
758.958958958956	0.168604384200713
759.209209209206	0.167955799836532
759.459459459456	0.167307215472352
759.709709709707	0.16647496119973
759.959959959957	0.165177792471368
760.210210210207	0.163880623743006
760.460460460457	0.162583455014644
760.710710710708	0.161286286286283
760.960960960958	0.159989117557921
761.211211211208	0.158923832088967
761.461461461458	0.158275247724787
761.711711711709	0.157626663360606
761.961961961959	0.156978078996426
762.212212212209	0.156329494632245
762.462462462459	0.155680910268065
762.71271271271	0.155032325903884
762.96296296296	0.154383741539703
763.21321321321	0.153735157175522
763.46346346346	0.153086572811341
763.713713713711	0.15243798844716
763.963963963961	0.151789404082979
764.214214214211	0.151387052189804
764.464464464461	0.151224906098758
764.714714714712	0.151062760007713
764.964964964962	0.150900613916668
765.215215215212	0.150738467825623
765.465465465462	0.150576321734578
765.715715715713	0.147119596660868
765.965965965963	0.141282337383244
766.216216216213	0.13544507810562
766.466466466463	0.136819158608154
766.716716716714	0.142656417885779
766.966966966964	0.148493677163404
767.217217217214	0.14783853315963
767.467467467464	0.143761717156204
767.717717717715	0.139684901152779
767.967967967965	0.136404544661424
768.218218218215	0.136345582446499
768.468468468465	0.136286620231574
768.718718718716	0.136227658016648
768.968968968966	0.136168695801723
769.219219219216	0.136109733586797
769.469469469466	0.13460478827451
769.719719719717	0.132659035181968
769.969969969967	0.130713282089427
770.220220220217	0.128767528996885
770.470470470467	0.126821775904344
770.720720720718	0.124876022811802
770.970970970968	0.123884492290455
771.221221221218	0.123073761835229
771.471471471468	0.122263031380003
771.721721721719	0.121452300924776
771.971971971969	0.12064157046955
772.222222222219	0.119830840014324
772.472472472469	0.118871738711186
772.722722722719	0.117898862164915
772.97297297297	0.116925985618644
773.22322322322	0.115953109072373
773.47347347347	0.114980232526103
773.72372372372	0.114007355979832
773.973973973971	0.112713631062253
774.224224224221	0.11141646233389
774.474474474471	0.110119293605528
774.724724724721	0.108822124877166
774.974974974972	0.111060601886307
775.225225225222	0.115815356641039
775.475475475472	0.114193895730588
775.725725725722	0.112572434820137
775.975975975973	0.110950973909685
776.226226226223	0.109329512999234
776.476476476473	0.107708052088783
776.726726726723	0.106198515028789
776.976976976974	0.105387784573562
777.227227227224	0.104577054118336
777.477477477474	0.10376632366311
777.727727727724	0.102955593207884
777.977977977975	0.102144862752658
778.228228228225	0.101403008513098
778.478478478475	0.100916570239963
778.728728728725	0.100430131966828
778.978978978976	0.0999436936936923
779.229229229226	0.0994572554205569
779.479479479476	0.0989708171474216
779.729729729726	0.0986238532110092
779.979979979977	0.0986238532110092
780.230230230227	0.0986238532110092
780.480480480477	0.0986238532110092
780.730730730727	0.0986238532110092
780.980980980978	0.0986238532110092
781.231231231228	0.0983896740777471
781.481481481478	0.0977410897135662
781.731731731728	0.0970925053493852
781.981981981979	0.0964439209852042
782.232232232229	0.0957953366210233
782.482482482479	0.0951467522568423
782.732732732729	0.0944981678926616
782.98298298298	0.0938495835284811
783.23323323323	0.0932009991643007
783.48348348348	0.0925524148001202
783.73373373373	0.0919038304359398
783.983983983981	0.0912552460717593
784.234234234231	0.0909372675427721
784.484484484481	0.0909372675427721
784.734734734731	0.0909372675427721
784.984984984982	0.0909372675427721
785.235235235232	0.0909372675427721
785.485485485482	0.0909372675427721
785.735735735732	0.090747857949692
785.985985985983	0.0904235657676018
786.236236236233	0.0900992735855115
786.486486486483	0.0897749814034213
786.736736736733	0.0894506892213311
786.986986986984	0.0891263970392408
787.237237237234	0.0883750723200254
787.487487487484	0.087402195773754
787.737737737734	0.0864293192274826
787.987987987985	0.0854564426812108
788.238238238235	0.0844835661349394
788.488488488485	0.083510689588668
788.738738738735	0.08265662451442
788.988988988986	0.0818458940591943
789.239239239236	0.0810351636039687
789.489489489486	0.080224433148743
789.739739739736	0.0794137026935173
789.989989989987	0.0786029722382916
790.240240240237	0.0780539714025943
790.490490490487	0.077567533129459
790.740740740737	0.0770810948563236
790.990990990987	0.0765946565831883
791.241241241238	0.0761082183100529
791.491491491488	0.0756217800369175
791.741741741738	0.0755640962062979
791.991991991988	0.0755640962062979
792.242242242239	0.0755640962062979
792.492492492489	0.0755640962062979
792.742742742739	0.0755640962062979
792.992992992989	0.0755640962062979
793.24324324324	0.0755640962062979
793.49349349349	0.0755640962062979
793.74374374374	0.0755640962062979
793.99399399399	0.0755640962062979
794.244244244241	0.0755640962062979
794.494494494491	0.0755640962062979
794.744744744741	0.0755640962062979
794.994994994991	0.0755640962062979
795.245245245242	0.0755640962062979
795.495495495492	0.0755640962062979
795.745745745742	0.0755640962062979
795.995995995992	0.0754286396488188
796.246246246243	0.0741314709204579
796.496496496493	0.0728343021920969
796.746746746743	0.0715371334637359
796.996996996993	0.0702399647353749
797.247247247244	0.068942796007014
797.497497497494	0.0676456272786528
797.747747747744	0.066348458550291
797.997997997994	0.0650512898219291
798.248248248245	0.0637541210935672
798.498498498495	0.0624569523652053
798.748748748745	0.0611597836368435
798.998998998995	0.0601909248698237
799.249249249246	0.0601909248698237
799.499499499496	0.0601909248698237
799.749749749746	0.0601909248698237
799.999999999996	0.0601909248698237
