550	0.0255393007686523
550.25025025025	0.0258836818470059
550.5005005005	0.0336666942171723
550.750750750751	0.0352095214480536
551.001001001001	0.0352095214480536
551.251251251251	0.0352095214480536
551.501501501501	0.0352095214480536
551.751751751752	0.0352095214480536
552.002002002002	0.0352095214480536
552.252252252252	0.0352095214480536
552.502502502502	0.0352095214480536
552.752752752753	0.0352095214480536
553.003003003003	0.0352095214480536
553.253253253253	0.0352095214480536
553.503503503503	0.0352095214480536
553.753753753754	0.0352095214480536
554.004004004004	0.0352095214480536
554.254254254254	0.0352095214480536
554.504504504504	0.0352095214480536
554.754754754755	0.0352095214480536
555.005005005005	0.0352095214480536
555.255255255255	0.0352095214480536
555.505505505505	0.0352095214480536
555.755755755756	0.0352095214480536
556.006006006006	0.0352095214480536
556.256256256256	0.0352095214480536
556.506506506506	0.0352095214480536
556.756756756757	0.0352095214480536
557.007007007007	0.0352095214480536
557.257257257257	0.0352095214480536
557.507507507507	0.0352095214480536
557.757757757758	0.0352095214480536
558.008008008008	0.0352095214480536
558.258258258258	0.0352095214480536
558.508508508508	0.0352095214480536
558.758758758759	0.0352095214480536
559.009009009009	0.0352095214480536
559.259259259259	0.0352095214480536
559.509509509509	0.0352095214480536
559.75975975976	0.0352095214480536
560.01001001001	0.0352095214480536
560.26026026026	0.0352095214480536
560.51051051051	0.0352095214480536
560.760760760761	0.0352095214480536
561.011011011011	0.0352095214480536
561.261261261261	0.0352095214480536
561.511511511511	0.0352095214480536
561.761761761762	0.0352095214480536
562.012012012012	0.0352095214480536
562.262262262262	0.0352095214480536
562.512512512512	0.0352095214480536
562.762762762763	0.0352095214480536
563.013013013013	0.0352095214480536
563.263263263263	0.0352095214480536
563.513513513513	0.0352095214480536
563.763763763764	0.0352095214480536
564.014014014014	0.0352095214480536
564.264264264264	0.0352095214480536
564.514514514514	0.0352095214480536
564.764764764765	0.0352095214480536
565.015015015015	0.0352095214480536
565.265265265265	0.0352095214480536
565.515515515515	0.0352095214480536
565.765765765766	0.0352095214480536
566.016016016016	0.0352095214480536
566.266266266266	0.0352095214480536
566.516516516516	0.0352095214480536
566.766766766767	0.0352095214480536
567.017017017017	0.0352095214480536
567.267267267267	0.0352095214480536
567.517517517517	0.0352095214480536
567.767767767768	0.0352095214480536
568.018018018018	0.0352095214480536
568.268268268268	0.0352095214480536
568.518518518518	0.0352095214480536
568.768768768769	0.0352095214480536
569.019019019019	0.0352095214480536
569.269269269269	0.0352095214480536
569.519519519519	0.0352095214480536
569.769769769769	0.0352095214480536
570.02002002002	0.0352095214480536
570.27027027027	0.0352095214480536
570.52052052052	0.0352095214480536
570.77077077077	0.0352095214480536
571.021021021021	0.0352095214480536
571.271271271271	0.0352095214480536
571.521521521521	0.0352095214480536
571.771771771771	0.0352095214480536
572.022022022022	0.0352095214480536
572.272272272272	0.0352095214480536
572.522522522522	0.0352095214480536
572.772772772772	0.0352095214480536
573.023023023023	0.0352095214480536
573.273273273273	0.0352095214480536
573.523523523523	0.0352095214480536
573.773773773773	0.0352095214480536
574.024024024024	0.0352095214480536
574.274274274274	0.0352095214480536
574.524524524524	0.0352095214480536
574.774774774774	0.0352095214480536
575.025025025025	0.0352095214480536
575.275275275275	0.0352095214480536
575.525525525525	0.0352095214480536
575.775775775775	0.0352095214480536
576.026026026026	0.0352095214480536
576.276276276276	0.0352095214480536
576.526526526526	0.0352095214480536
576.776776776776	0.0352095214480536
577.027027027027	0.0352095214480536
577.277277277277	0.0352095214480536
577.527527527527	0.0352095214480536
577.777777777777	0.0352095214480536
578.028028028028	0.0352095214480536
578.278278278278	0.0352095214480536
578.528528528528	0.0352095214480536
578.778778778778	0.0352095214480536
579.029029029029	0.0352095214480536
579.279279279279	0.0352095214480536
579.529529529529	0.0352095214480536
579.779779779779	0.0352095214480536
580.03003003003	0.0352095214480536
580.28028028028	0.0352095214480536
580.53053053053	0.0352095214480536
580.78078078078	0.0352095214480536
581.031031031031	0.0352095214480536
581.281281281281	0.0352095214480536
581.531531531531	0.0352095214480536
581.781781781781	0.0352095214480536
582.032032032032	0.0352095214480536
582.282282282282	0.0352095214480536
582.532532532532	0.0352095214480536
582.782782782782	0.0352095214480536
583.033033033033	0.0352095214480536
583.283283283283	0.0352095214480536
583.533533533533	0.0352095214480536
583.783783783783	0.0352095214480536
584.034034034034	0.0352095214480536
584.284284284284	0.0352095214480536
584.534534534534	0.0352095214480536
584.784784784784	0.0352095214480536
585.035035035035	0.0352095214480536
585.285285285285	0.0352095214480536
585.535535535535	0.0352095214480536
585.785785785785	0.0352095214480536
586.036036036036	0.0352095214480536
586.286286286286	0.0352095214480536
586.536536536536	0.0352095214480536
586.786786786786	0.0352095214480536
587.037037037037	0.0352095214480536
587.287287287287	0.0352095214480536
587.537537537537	0.0352095214480536
587.787787787787	0.0352095214480536
588.038038038037	0.0352095214480536
588.288288288288	0.0352095214480536
588.538538538538	0.0352095214480536
588.788788788788	0.0352095214480536
589.039039039038	0.0352095214480536
589.289289289289	0.0352095214480536
589.539539539539	0.0352095214480536
589.789789789789	0.0352095214480536
590.040040040039	0.0352095214480536
590.29029029029	0.0352095214480536
590.54054054054	0.0352095214480536
590.79079079079	0.0352095214480536
591.04104104104	0.0352095214480536
591.291291291291	0.0352095214480536
591.541541541541	0.0352095214480536
591.791791791791	0.0352095214480536
592.042042042041	0.0352095214480536
592.292292292292	0.0352095214480536
592.542542542542	0.0352095214480536
592.792792792792	0.0352095214480536
593.043043043042	0.0352095214480536
593.293293293293	0.0352095214480536
593.543543543543	0.0352095214480536
593.793793793793	0.0352095214480536
594.044044044043	0.0352095214480536
594.294294294294	0.0352095214480536
594.544544544544	0.0352095214480536
594.794794794794	0.0352095214480536
595.045045045044	0.0352095214480536
595.295295295295	0.0352095214480536
595.545545545545	0.0352095214480536
595.795795795795	0.0352095214480536
596.046046046045	0.0352095214480536
596.296296296296	0.0352095214480536
596.546546546546	0.0352783976637197
596.796796796796	0.0359269820279002
597.047047047046	0.0365755663920807
597.297297297297	0.0372241507562612
597.547547547547	0.0378727351204417
597.797797797797	0.0385213194846222
598.048048048047	0.0392284486321181
598.298298298298	0.0402013251783895
598.548548548548	0.0411742017246609
598.798798798798	0.0421470782709323
599.049049049048	0.0431199548172037
599.299299299299	0.0440928313634751
599.549549549549	0.0447351020745512
599.799799799799	0.044410809892461
600.050050050049	0.0440865177103707
600.3003003003	0.0437622255282804
600.55055055055	0.0434379333461901
600.8008008008	0.0431136411640997
601.05105105105	0.0428961071162907
601.301301301301	0.0428961071162907
601.551551551551	0.0428961071162907
601.801801801801	0.0428961071162907
602.052052052051	0.0428961071162907
602.302302302302	0.0428961071162907
602.552552552552	0.0428961071162907
602.802802802802	0.0428961071162907
603.053053053052	0.0428961071162907
603.303303303303	0.0428961071162907
603.553553553553	0.0428961071162907
603.803803803803	0.0428961071162907
604.054054054053	0.0428961071162907
604.304304304304	0.0428961071162907
604.554554554554	0.0428961071162907
604.804804804804	0.0428961071162907
605.055055055054	0.0428961071162907
605.305305305305	0.0428961071162907
605.555555555555	0.0430063090613556
605.805805805805	0.0432058734811035
606.056056056055	0.0434054379008513
606.306306306305	0.0436050023205992
606.556556556556	0.0438045667403471
606.806806806806	0.0440041311600949
607.057057057056	0.0443337415814496
607.307307307306	0.0455129858799595
607.557557557557	0.0466922301784694
607.807807807807	0.0478714744769793
608.058058058057	0.0490507187754898
608.308308308307	0.0502299630739997
608.558558558558	0.0505826927845274
608.808808808808	0.0505826927845274
609.059059059058	0.0505826927845274
609.309309309308	0.0505826927845274
609.559559559559	0.0505826927845274
609.809809809809	0.0505826927845274
610.060060060059	0.0505826927845274
610.310310310309	0.0505826927845274
610.56056056056	0.0505826927845274
610.81081081081	0.0505826927845274
611.06106106106	0.0505826927845274
611.31131131131	0.0505826927845274
611.561561561561	0.0507522342384727
611.811811811811	0.0509517986582207
612.062062062061	0.0511513630779688
612.312312312311	0.0513509274977168
612.562562562562	0.0515504919174649
612.812812812812	0.0517500563372129
613.063063063062	0.0523709698021655
613.313313313312	0.0535502141006755
613.563563563563	0.0547294583991854
613.813813813813	0.0559087026976953
614.064064064063	0.0570879469962052
614.314314314313	0.0582671912947151
614.564564564564	0.0574060298830926
614.814814814814	0.0565412507308512
615.065065065064	0.0556764715786097
615.315315315314	0.0548116924263683
615.565565565565	0.0587376367193136
615.815815815815	0.0659558641210016
616.066066066065	0.0659558641210016
616.316316316315	0.0659558641210016
616.566566566566	0.0659558641210016
616.816816816816	0.0659558641210016
617.067067067066	0.0659558641210016
617.317317317316	0.0658288257676622
617.567567567567	0.0649640466154215
617.817817817817	0.0640992674631808
618.068068068067	0.06323448831094
618.318318318317	0.0623697091586993
618.568568568568	0.0675813428107162
618.818818818818	0.0734511269679433
619.069069069068	0.0725863478157025
619.319319319318	0.0717215686634618
619.569569569569	0.0708567895112211
619.819819819819	0.0699920103589804
620.070070070069	0.0758464886905424
620.320320320319	0.0814248881909438
620.57057057057	0.081749180373034
620.82082082082	0.0820734725551243
621.07107107107	0.0823977647372146
621.32132132132	0.0827220569193048
621.571571571571	0.0830463491013951
621.821821821821	0.0834106277531356
622.072072072071	0.0838430173292563
622.322322322321	0.084275406905377
622.572572572572	0.0847077964814977
622.822822822822	0.0851401860576184
623.073073073072	0.0923767804501953
623.323323323322	0.0969903389628179
623.573573573573	0.0976389233269983
623.823823823823	0.0982875076911787
624.074074074073	0.0989360920553591
624.324324324323	0.0995846764195395
624.574574574573	0.10023326078372
624.824824824824	0.100545499628068
625.075075075074	0.100545499628068
625.325325325324	0.100545499628068
625.575575575574	0.100545499628068
625.825825825825	0.101124059839683
626.076076076075	0.108907072209849
626.326326326325	0.111562632969357
626.576576576575	0.110697853817117
626.826826826826	0.109833074664876
627.077077077076	0.108968295512636
627.327327327326	0.109196352315631
627.577577577576	0.115682195957436
627.827827827827	0.121268057047876
628.078078078077	0.122565225776237
628.328328328327	0.123862394504599
628.578578578577	0.125159563232961
628.828828828828	0.126456731961323
629.079079079078	0.127753900689685
629.329329329328	0.128649291493327
629.579579579578	0.128324999311237
629.829829829829	0.128000707129147
630.080080080079	0.127676414947056
630.330330330329	0.130534203928722
630.580580580579	0.14091155375561
630.83083083083	0.144012418381687
631.08108108108	0.145471733201093
631.33133133133	0.146931048020499
631.58158158158	0.148390362839905
631.831831831831	0.149849677659311
632.082082082081	0.151308992478718
632.332332332331	0.157160764958937
632.582582582581	0.163553953691581
632.832832832832	0.169947142424225
633.083083083082	0.175460072249077
633.333333333332	0.179823276153564
633.583583583582	0.184186480058051
633.833833833833	0.188549683962538
634.084084084083	0.192912887867025
634.334334334333	0.197286353631937
634.584584584583	0.207447508670765
634.834834834834	0.217608663709594
635.085085085084	0.227071107805044
635.335335335334	0.219288095434878
635.585585585584	0.231754690470297
635.835835835835	0.256738389765911
636.086086086085	0.238578027568806
636.336336336335	0.25744551891356
636.586586586585	0.295084074900547
636.836836836836	0.282112387616936
637.087087087086	0.293729509325904
637.337337337336	0.321624376670328
637.587587587586	0.334986362509298
637.837837837837	0.334986362509298
638.088088088087	0.334986362509298
638.338338338337	0.334986362509298
638.588588588587	0.334986362509298
638.838838838838	0.334330316555084
639.089089089088	0.33141168691627
639.339339339338	0.328493057277455
639.589589589588	0.325574427638641
639.839839839839	0.322655797999827
640.090090090089	0.319737168361013
640.340340340339	0.317497543414972
640.590590590589	0.316848959050792
640.84084084084	0.316200374686611
641.09109109109	0.315551790322431
641.34134134134	0.31490320595825
641.59159159159	0.31425462159407
641.841841841841	0.314009728382817
642.092092092091	0.314442117958937
642.342342342341	0.314874507535058
642.592592592591	0.315306897111178
642.842842842841	0.315739286687298
643.093093093092	0.321796567209422
643.343343343342	0.32828241085124
643.593593593592	0.329874599370016
643.843843843842	0.331230730313303
644.094094094093	0.332586861256589
644.344344344343	0.333942992199876
644.594594594593	0.335299123143162
644.844844844843	0.339285222312755
645.095095095094	0.345678411045391
645.345345345344	0.352071599778026
645.595595595594	0.358077974763754
645.845845845844	0.35856441303689
646.096096096095	0.359050851310025
646.346346346345	0.359537289583161
646.596596596595	0.361198928286082
646.846846846845	0.371900570295082
647.097097097096	0.381173891781691
647.347347347346	0.381660330054826
647.597597597596	0.382146768327962
647.847847847846	0.382633206601097
648.098098098097	0.38505420558175
648.348348348347	0.395755847590728
648.598598598597	0.406165798826362
648.848848848847	0.415505413670561
649.099099099098	0.42484502851476
649.349349349348	0.416593198703284
649.599599599598	0.412586898825435
649.849849849848	0.437233104664294
650.100100100099	0.436509904399798
650.350350350349	0.436532863138429
650.600600600599	0.454693225335479
650.850850850849	0.449467816440267
651.1011011011	0.447860704741473
651.35135135135	0.463426729481805
651.6016016016	0.477863184285223
651.85185185185	0.49031600407749
652.102102102101	0.502768823869757
652.352352352351	0.486700002755033
652.602602602601	0.48609905777338
652.852852852851	0.512366724522696
653.103103103102	0.518644791580571
653.353353353352	0.511141875820776
653.603603603602	0.518276303826772
653.853853853852	0.525410731832768
654.104104104103	0.534281414441996
654.354354354353	0.544983056450978
654.604604604603	0.554988015538499
654.854854854853	0.564327630382697
655.105105105104	0.572664407526765
655.355355355354	0.558395551514793
655.605605605604	0.564504871844353
655.855855855854	0.587899826431981
656.106106106105	0.583498636250899
656.356356356355	0.595811407738035
656.606606606605	0.632490288453585
656.856856856855	0.613032757528116
657.107107107106	0.622628936275818
657.357357357356	0.648896603025127
657.607607607606	0.644977546353634
657.857857857856	0.641072065284281
658.108108108107	0.644737976907911
658.358358358357	0.648403888531541
658.608608608607	0.652069800155171
658.858858858857	0.6557357117788
659.109109109108	0.65940162340243
659.359359359358	0.66306753502606
659.609609609608	0.666733446649689
659.859859859858	0.670399358273319
660.110110110109	0.674065269896949
660.360360360359	0.677731181520579
660.610610610609	0.681397093144208
660.860860860859	0.685063004767838
661.111111111109	0.688728916391468
661.36136136136	0.692394828015098
661.61161161161	0.696060739638727
661.86186186186	0.699726651262357
662.11211211211	0.703392562885987
662.362362362361	0.707058474509616
662.612612612611	0.710724386133246
662.862862862861	0.714390297756876
663.113113113111	0.718056209380507
663.363363363362	0.721722121004137
663.613613613612	0.725388032627767
663.863863863862	0.729053944251397
664.114114114112	0.732719855875026
664.364364364363	0.736385767498656
664.614614614613	0.740051679122286
664.864864864863	0.743717590745915
665.115115115113	0.747383502369545
665.365365365364	0.751049413993175
665.615615615614	0.754715325616805
665.865865865864	0.758381237240434
666.116116116114	0.762047148864064
666.366366366365	0.780291759649553
666.616616616615	0.775427376918194
666.866866866865	0.770562994186835
667.117117117115	0.765698611455476
667.367367367366	0.763208162290769
667.617617617616	0.773585512117655
667.867867867866	0.776199651486345
668.118118118116	0.775064628849029
668.368368368367	0.773929606211713
668.618618618617	0.772794583574397
668.868868868867	0.771659560937081
669.119119119117	0.770524538299766
669.369369369368	0.798165137614688
669.619619619618	0.805948149984854
669.869869869868	0.813731162355021
670.120120120118	0.812422514257359
670.370370370369	0.797102913310866
670.620620620619	0.800129640343711
670.870870870869	0.803156367376556
671.121121121119	0.8061830944094
671.37137137137	0.809209821442245
671.62162162162	0.826571410860399
671.87187187187	0.825598534314128
672.12212212212	0.824625657767857
672.372372372371	0.823652781221586
672.622622622621	0.830637977426998
672.872872872871	0.848798339624053
673.123123123121	0.84917945468404
673.373373373372	0.848314675531799
673.623623623622	0.847449896379557
673.873873873872	0.846585117227316
674.124124124122	0.849324094736964
674.374374374373	0.856062484502976
674.624624624623	0.877857674187978
674.874874874873	0.887197289032176
675.125125125123	0.895152032766662
675.375375375374	0.874397333112885
675.625625625624	0.8770789137762
675.875875875874	0.896107116290602
676.126126126124	0.896107116290602
676.376376376375	0.896107116290602
676.626626626625	0.895794877446251
676.876876876875	0.893200539989529
677.127127127125	0.890606202532808
677.377377377376	0.895776510455397
677.627627627626	0.909543144061491
677.877877877876	0.906624514422676
678.128128128126	0.903705884783861
678.378378378377	0.900787255145046
678.628628628627	0.911053255089988
678.878878878877	0.939251177783423
679.129129129127	0.948983387056756
679.379379379378	0.937308868501507
679.629629629628	0.925634349946258
679.879879879878	0.913959831391009
680.130130130128	0.926294413679753
680.380380380378	0.955430200843079
680.630630630629	0.958173196131902
680.880880880879	0.949417307215456
681.131131131129	0.940661418299011
681.381381381379	0.931905529382565
681.63163163163	0.939641476338756
681.88188188188	0.966801664049521
682.13213213213	0.96994054104145
682.38238238238	0.966520732575771
682.632632632631	0.963100924110092
682.882882882881	0.959681115644413
683.133133133131	0.956261307178734
683.383383383381	0.985669155393979
683.633633633632	0.97899619803289
683.883883883882	0.969267432570182
684.134134134132	0.959538667107473
684.384384384382	0.950188720830921
684.634634634633	0.97613209539814
684.884884884883	0.987373650408817
685.135135135133	0.985535994710304
685.385385385383	0.983698339011792
685.635635635634	0.981860683313279
685.885885885884	0.980023027614767
686.136136136134	0.978185371916254
686.386386386384	1.01012480370276
686.636636636635	0.998450285147509
686.886886886885	0.986775766592263
687.137137137135	0.975101248037016
687.387387387385	0.968179188362685
687.637637637636	0.986339550559739
687.887887887886	1.0244510565611
688.138138138136	1.01180366145958
688.388388388386	0.999156266358058
688.638638638637	0.986508871256539
688.888888888887	0.980553948443899
689.139139139137	0.996552362760351
689.389389389387	1.03340521505657
689.639639639638	1.02930144489776
689.889889889888	1.02519767473895
690.140140140138	1.02109390458013
690.390390390388	1.01699013442132
690.640640640639	1.01288636426251
690.890890890889	1.01110238679046
691.141141141139	1.00980521806209
691.391391391389	1.00850804933373
691.64164164164	1.00721088060537
691.89189189189	1.00591371187701
692.14214214214	1.00461654314865
692.39239239239	1.00320251444104
692.642642642641	1.00177562883984
692.892892892891	1.00034874323865
693.143143143141	0.998921857637449
693.393393393391	0.997494972036252
693.643643643642	0.996068086435055
693.893893893892	0.996032729977681
694.144144144142	0.996032729977681
694.394394394392	0.996032729977681
694.644644644643	0.996032729977681
694.894894894893	0.996032729977681
695.145145145143	0.99597246328897
695.395395395393	0.994756367606132
695.645645645644	0.993540271923293
695.895895895894	0.992324176240455
696.146146146144	0.991108080557617
696.396396396394	0.989891984874778
696.646646646645	0.98867588919194
696.896896896895	0.987459793509102
697.147147147145	0.986243697826264
697.397397397395	0.985027602143426
697.647647647646	0.983811506460588
697.897897897896	0.98259541077775
698.148148148146	0.981845377487579
698.398398398396	0.982980400124895
698.648648648646	0.984115422762212
698.898898898897	0.985250445399528
699.149149149147	0.986385468036845
699.399399399397	0.987520490674161
699.649649649647	0.985164063145686
699.899899899898	0.973489544590438
700.150150150148	0.961815026035191
700.400400400398	0.956167176350671
700.650650650648	0.963950188720841
700.900900900899	0.971733201091008
701.151151151149	0.975016300704368
701.401401401399	0.969827625790919
701.651651651649	0.964638950877471
701.9019019019	0.959450275964022
702.15215215215	0.954261601050574
702.4024024024	0.958440091467631
702.65265265265	0.977835633799048
702.902902902901	0.974343609664693
703.153153153151	0.967533473840798
703.403403403401	0.960723338016903
703.653653653651	0.953913202193008
703.903903903902	0.971499021957761
704.154154154152	0.980699736433681
704.404404404402	0.980780809479204
704.654654654652	0.980861882524727
704.904904904903	0.980942955570249
705.155155155153	0.981024028615772
705.405405405403	0.981105101661294
705.655655655653	0.981093765784132
705.905905905904	0.981012692738609
706.156156156154	0.980931619693087
706.406406406404	0.980850546647564
706.656656656654	0.980769473602041
706.906906906905	0.980688400556518
707.157157157155	0.980743128449549
707.407407407405	0.980872845322385
707.657657657655	0.981002562195221
707.907907907906	0.981132279068057
708.158158158156	0.981261995940893
708.408408408406	0.981391712813729
708.658658658656	0.980868942336831
708.908908908907	0.980090641099814
709.159159159157	0.979312339862797
709.409409409407	0.97853403862578
709.659659659657	0.977755737388763
709.909909909908	0.976977436151746
710.160160160158	0.966530750934396
710.410410410408	0.95355906365078
710.660660660658	0.940587376367169
710.910910910909	0.946997456171783
711.161161161159	0.95737480599867
711.411411411409	0.967752155825556
711.661661661659	0.968567191044254
711.91191191191	0.967918606680073
712.16216216216	0.967270022315893
712.41241241241	0.966621437951712
712.66266266266	0.965972853587531
712.912912912911	0.96532426922335
713.163163163161	0.96412605265816
713.413413413411	0.962893742366217
713.663663663661	0.961661432074274
713.913913913912	0.960429121782331
714.164164164162	0.959196811490388
714.414414414412	0.957972766344325
714.664664664662	0.957259323543726
714.914914914913	0.956545880743127
715.165165165163	0.955832437942528
715.415415415413	0.955118995141929
715.665665665663	0.95440555234133
715.915915915914	0.95399068793565
716.166166166164	0.956585025392373
716.416416416414	0.959179362849095
716.666666666664	0.961773700305817
716.916916916914	0.964368037762539
717.167167167165	0.951878483988532
717.417417417415	0.932831914483271
717.667667667665	0.922454564656383
717.917917917915	0.912077214829494
718.168168168166	0.905004201449163
718.418418418416	0.911003606817841
718.668668668666	0.917003012186518
718.918918918916	0.91827578725509
719.169169169167	0.904493369516253
719.419419419417	0.890710951777417
719.669669669667	0.889329696669247
719.919919919917	0.920461746149912
720.170170170168	0.912421595907784
720.420420420418	0.897512191090154
720.670670670668	0.889729178719988
720.920920920918	0.881946166349823
721.171171171169	0.874163153979658
721.421421421419	0.893049012315091
721.671671671669	0.890846503996346
721.921921921919	0.884793049930661
722.17217217217	0.878739595864976
722.42242242242	0.872686141799291
722.67267267267	0.866173512962502
722.92292292292	0.859039084956507
723.173173173171	0.851904656950512
723.423423423421	0.850163236631139
723.673673673671	0.854703327180403
723.923923923921	0.859243417729666
724.174174174172	0.834611926355045
724.424424424422	0.834140228635641
724.674674674672	0.833668530916237
724.924924924922	0.833196833196833
725.175175175173	0.832725135477429
725.425425425423	0.832253437758025
725.675675675673	0.831556326969171
725.925925925923	0.830691547816929
726.176176176174	0.829826768664688
726.426426426424	0.828961989512446
726.676676676674	0.828097210360205
726.926926926924	0.827232431207964
727.177177177175	0.82412687917274
727.427427427425	0.819802983411537
727.677677677675	0.815479087650333
727.927927927925	0.81115519188913
728.178178178176	0.809823585052954
728.428428428426	0.820200934879842
728.678678678676	0.817464253244058
728.928928928926	0.809681240873883
729.179179179177	0.801898228503708
729.429429429427	0.802380362013453
729.679679679677	0.817078546436346
729.929929929927	0.809295534066173
730.180180180178	0.801512521696
730.430430430428	0.793729509325827
730.680680680678	0.785946496955655
730.930930930928	0.783029589222246
731.181181181179	0.781083836129704
731.431431431429	0.779138083037163
731.681681681679	0.777192329944621
731.931931931929	0.775246576852079
732.18218218218	0.773300823759538
732.43243243243	0.769588395735183
732.68268268268	0.7656968895501
732.93293293293	0.761805383365016
733.183183183181	0.76526985701298
733.433433433431	0.769161363198068
733.683683683681	0.773052869383156
733.933933933931	0.768753025633748
734.184184184182	0.764305589993653
734.434434434432	0.759858154353558
734.684684684682	0.753657327051808
734.934934934932	0.745874314681642
735.185185185182	0.738091302311476
735.435435435433	0.74783039920657
735.685685685683	0.753437433355873
735.935935935933	0.745942680703114
736.186186186183	0.738447928050356
736.436436436434	0.730953175397597
736.686686686684	0.724156878591122
736.936936936934	0.72199493071052
737.187187187184	0.719832982829918
737.437437437435	0.717671034949317
737.687687687685	0.715509087068715
737.937937937935	0.713347139188113
738.188188188185	0.711251771649322
738.438438438436	0.709414115950811
738.688688688686	0.707576460252299
738.938938938936	0.705738804553788
739.189189189186	0.703901148855277
739.439439439437	0.702063493156766
739.689689689687	0.700029348920787
739.939939939937	0.697489060161078
740.190190190187	0.694948771401369
740.440440440438	0.69240848264166
740.690690690688	0.689868193881951
740.940940940938	0.687327905122242
741.191191191188	0.685399849390673
741.441441441439	0.684589118935447
741.691691691689	0.683778388480221
741.941941941939	0.682967658024996
742.192192192189	0.68215692756977
742.44244244244	0.681346197114545
742.69269269269	0.678938112424348
742.94294294294	0.674398021875084
743.19319319319	0.66985793132582
743.443443443441	0.668940729720547
743.693693693691	0.672183651541454
743.943943943941	0.675426573362361
744.194194194191	0.674105297958493
744.444444444442	0.668268038680868
744.694694694692	0.662430779403243
744.944944944942	0.661495210807143
745.195195195192	0.664738132628046
745.445445445443	0.667981054448948
745.695695695693	0.665610564693128
745.945945945943	0.659124721051323
746.196196196193	0.652638877409517
746.446446446444	0.656509720729905
746.696696696694	0.662754497616879
746.946946946944	0.641999797963051
747.197197197194	0.637297848307036
747.447447447445	0.641189354492119
747.697697697695	0.645080860677202
747.947947947945	0.64182760742392
748.198198198195	0.635341763782115
748.448448448446	0.62885592014031
748.698698698696	0.634607084148389
748.948948948946	0.637697330357849
749.199199199196	0.618239799432439
749.449449449447	0.61337771257496
749.699699699697	0.613053420392869
749.949949949947	0.612729128210779
750.200200200197	0.607104975224234
750.450450450448	0.600155857036578
750.700700700698	0.593206738848921
750.950950950948	0.587914853969892
751.201201201198	0.585792214232575
751.451451451449	0.583669574495257
751.701701701699	0.581546934757939
751.951951951949	0.579424295020621
752.202202202199	0.577301655283303
752.45245245245	0.575537311011314
752.7027027027	0.573807752706831
752.95295295295	0.572078194402349
753.2032032032	0.570348636097866
753.45345345345	0.568619077793384
753.703703703701	0.566889519488901
753.953953953951	0.566012495676101
754.204204204201	0.56514771652386
754.454454454451	0.56428293737162
754.704704704702	0.563418158219379
754.954954954952	0.562553379067139
755.205205205202	0.561623550155657
755.455455455452	0.559677797063115
755.705705705703	0.557732043970574
755.955955955953	0.555786290878032
756.206206206203	0.553840537785491
756.456456456453	0.551894784692949
756.706706706704	0.549313402524411
756.956956956954	0.542642249064258
757.207207207204	0.535971095604108
757.457457457454	0.529299942143958
757.707707707705	0.524912735921899
757.957957957955	0.521610851886071
758.208208208205	0.518308967850243
758.458458458455	0.515007083814415
758.708708708706	0.511705199778587
758.958958958956	0.508763541829288
759.209209209206	0.506925886130776
759.459459459456	0.505088230432265
759.709709709707	0.503250574733753
759.959959959957	0.501412919035242
760.210210210207	0.49957526333673
760.460460460457	0.497910754791488
760.710710710708	0.496613586063126
760.960960960958	0.495316417334764
761.211211211208	0.494019248606402
761.461461461458	0.49272207987804
761.711711711709	0.491424911149679
761.961961961959	0.489807755002704
762.212212212209	0.487699855819117
762.462462462459	0.485591956635531
762.71271271271	0.483484057451943
762.96296296296	0.481376158268357
763.21321321321	0.47926825908477
763.46346346346	0.477464563187038
763.713713713711	0.476005248367631
763.963963963961	0.474545933548224
764.214214214211	0.473086618728817
764.464464464461	0.47162730390941
764.714714714712	0.470167989090003
764.964964964962	0.468091945156157
765.215215215212	0.465497607699435
765.465465465462	0.462903270242713
765.715715715713	0.460308932785992
765.965965965963	0.45771459532927
766.216216216213	0.455120257872548
766.466466466463	0.452225447924986
766.716716716714	0.449144672195128
766.966966966964	0.44606389646527
767.217217217214	0.442983120735413
767.467467467464	0.439902345005555
767.717717717715	0.436821569275698
767.967967967965	0.431608787686766
768.218218218215	0.425447236227044
768.468468468465	0.419285684767322
768.718718718716	0.426130258699093
768.968968968966	0.433679857227247
769.219219219216	0.428707377101863
769.469469469466	0.42373489697648
769.719719719717	0.418762416851097
769.969969969967	0.413789936725713
770.220220220217	0.406298500335194
770.470470470467	0.398191195782937
770.720720720718	0.39008389123068
770.970970970968	0.39751678283788
771.221221221218	0.396708635240739
771.471471471468	0.375953935586911
771.721721721719	0.377974304579822
771.971971971969	0.383162979493266
772.222222222219	0.38835165440671
772.472472472469	0.385061995153729
772.722722722719	0.380985179150309
772.97297297297	0.376908363146888
773.22322322322	0.374754445855363
773.47347347347	0.374872370285214
773.72372372372	0.374990294715065
773.973973973971	0.375108219144916
774.224224224221	0.375226143574767
774.474474474471	0.375315108686668
774.724724724721	0.374342232140396
774.974974974972	0.373369355594125
775.225225225222	0.372396479047854
775.475475475472	0.371423602501582
775.725725725722	0.370450725955311
775.975975975973	0.369396058902936
776.226226226223	0.367612451901439
776.476476476473	0.365828844899943
776.726726726723	0.364045237898447
776.976976976974	0.36226163089695
777.227227227224	0.360478023895454
777.477477477474	0.358637594016034
777.727727727724	0.356529694832446
777.977977977975	0.354421795648857
778.228228228225	0.352313896465268
778.478478478475	0.35020599728168
778.728728728725	0.348098098098092
778.978978978976	0.346111593244616
779.229229229226	0.344490132334164
779.479479479476	0.342868671423713
779.729729729726	0.341247210513262
779.979979979977	0.339625749602811
780.230230230227	0.338004288692359
780.480480480477	0.336855490811912
780.730730730727	0.336693344720867
780.980980980978	0.336531198629822
781.231231231228	0.336369052538776
781.481481481478	0.336206906447731
781.731731731728	0.336044760356686
781.981981981979	0.335107756839401
782.232232232229	0.332999857655815
782.482482482479	0.330891958472228
782.732732732729	0.328784059288641
782.98298298298	0.326676160105055
783.23323323323	0.324568260921468
783.48348348348	0.322613611317737
783.73373373373	0.32083000431624
783.983983983981	0.319046397314744
784.234234234231	0.317262790313248
784.484484484481	0.315479183311751
784.734734734731	0.313695576310255
784.984984984982	0.312178003691765
785.235235235232	0.310880834963403
785.485485485482	0.309583666235041
785.735735735732	0.308286497506679
785.985985985983	0.306989328778317
786.236236236233	0.305692160049956
786.486486486483	0.303992065459952
786.736736736733	0.30204631236741
786.986986986984	0.300100559274869
787.237237237234	0.298154806182327
787.487487487484	0.296209053089785
787.737737737734	0.294263299997244
787.987987987985	0.292768686117308
788.238238238235	0.291471517388946
788.488488488485	0.290174348660585
788.738738738735	0.288877179932223
788.988988988986	0.287580011203861
789.239239239236	0.286282842475499
789.489489489486	0.284860835606244
789.739739739736	0.283401520786838
789.989989989987	0.281942205967432
790.240240240237	0.280482891148026
790.490490490487	0.27902357632862
790.740740740737	0.277564261509214
790.990990990987	0.275146706339364
791.241241241238	0.27255236888264
791.491491491488	0.269958031425916
791.741741741738	0.267363693969192
791.991991991988	0.264769356512468
792.242242242239	0.262175019055744
792.492492492489	0.260474350497281
792.742742742739	0.25885288958683
792.992992992989	0.257231428676378
793.24324324324	0.255609967765927
793.49349349349	0.253988506855476
793.74374374374	0.252367045945024
793.99399399399	0.251067581342808
794.244244244241	0.249770412614447
794.494494494491	0.248473243886086
794.744744744741	0.247176075157726
794.994994994991	0.249437510905409
795.245245245242	0.254233591389552
795.495495495492	0.253585007025371
795.745745745742	0.252936422661191
795.995995995992	0.25228783829701
796.246246246243	0.251639253932829
796.496496496493	0.250990669568649
796.746746746743	0.249804194758313
796.996996996993	0.245356759118218
797.247247247244	0.240909323478124
797.497497497494	0.236461887838029
797.747747747744	0.233727994049092
797.997997997994	0.231782240956549
798.248248248245	0.229836487864006
798.498498498495	0.227890734771463
798.748748748745	0.22594498167892
798.998998998995	0.223999228586378
799.249249249246	0.222053475493836
799.499499499496	0.220107722401295
799.749749749746	0.218161969308753
799.999999999996	0.216216216216212
