1000	1718.0688
1001.528	1744.1249
1003.056	1735.5186
1004.584	1727.4581
1006.1121	1741.7184
1007.6401	1770.3691
1009.1681	1772.7306
1010.6961	1708.0887
1012.2241	1732.8225
1013.7521	1785.1471
1015.2802	1693.2092
1016.8082	1755.2446
1018.3362	1785.4918
1019.8642	1745.1381
1021.3922	1746.7579
1022.9202	1757.4255
1024.4482	1775.712
1025.9762	1777.7015
1027.5043	1778.7695
1029.0322	1812.5404
1030.5603	1830.9095
1032.0883	1798.8192
1033.6163	1819.9943
1035.1443	1861.7061
1036.6724	1857.7946
1038.2003	1813.9847
1039.7284	1835.2977
1041.2563	1871.803
1042.7844	1836.09
1044.3124	1855.8717
1045.8405	1884.1532
1047.3684	1883.584
1048.8965	1896.4204
1050.4244	1878.6299
1051.9525	1844.9967
1053.4805	1897.7898
1055.0085	1878.316
1056.5365	1848.4417
1058.0646	1856.4333
1059.5925	1834.0089
1061.1205	1851.7708
1062.6486	1869.5314
1064.1765	1839.802
1065.7046	1900.8994
1067.2325	1862.0983
1068.7606	1871.1964
1070.2886	1905.3337
1071.8167	1918.8228
1073.3446	1925.4215
1074.8727	1905.9166
1076.4006	1884.7947
1077.9287	1916.5005
1079.4567	1909.6143
1080.9847	1926.5687
1082.5127	1886.974
1084.0408	1987.3467
1085.5687	1958.5471
1087.0968	1956
1088.6248	1964.8079
1090.1528	1958.8636
1091.6808	1970.2493
1093.2089	1978.8549
1094.7368	1978.8842
1096.2649	1998.9091
1097.7928	1993.6923
1099.3209	1978.9417
1100.8489	2007.4476
1102.377	2000.9594
1103.9049	2006.6613
1105.433	2032.4265
1106.9609	1987.8442
1108.489	2061.3704
1110.017	2038.7638
1111.545	2059.8462
1113.073	2061.1465
1114.6011	2006.0704
1116.129	2035.5825
1117.6571	2066.0088
1119.1851	2054.8604
1120.713	2078.7241
1122.2411	2069.0493
1123.769	2032.712
1125.2971	2026.3857
1126.8251	2044.2091
1128.3531	2092.0801
1129.8811	2080.0007
1131.4092	2020.6394
1132.9371	2077.7109
1134.4652	2110.5107
1135.9932	2115.8174
1137.5212	2056.2195
1139.0492	2103.2488
1140.5773	2084.8235
1142.1052	2091.4631
1143.6333	2133.8767
1145.1613	2107.8284
1146.6893	2116.2422
1148.2173	2125.8318
1149.7454	2121.3704
1151.2733	2110.1748
1152.8014	2094.2803
1154.3293	2074.9451
1155.8574	2075.2625
1157.3854	2111.8513
1158.9135	2117.2798
1160.4414	2146.0474
1161.9695	2153.0964
1163.4974	2142.3906
1165.0255	2156.5938
1166.5535	2146.1418
1168.0815	2153.509
1169.6095	2149.554
1171.1376	2172.5469
1172.6655	2154.0315
1174.1936	2137.5852
1175.7216	2152.7993
1177.2496	2157.1074
1178.7776	2149.5872
1180.3055	2149.8796
1181.8336	2182.4194
1183.3616	2186.6008
1184.8896	2156.759
1186.4176	2164.9128
1187.9457	2194.2036
1189.4736	2211.176
1191.0017	2202.7031
1192.5297	2238.7429
1194.0577	2182.5088
1195.5857	2199.5032
1197.1138	2218.2251
1198.6417	2298.8979
1200.1698	2281.709
1201.6978	2263.5803
1203.2258	2199.1228
1204.7538	2238.1345
1206.2819	2264.5198
1207.8098	2266.0256
1209.3379	2300.0349
1210.8658	2282.0625
1212.3939	2316.7939
1213.9219	2344.4065
1215.45	2314.3713
1216.9779	2298.366
1218.506	2302.4023
1220.0339	2336.865
1221.562	2364.6467
1223.09	2314.364
1224.618	2314.4453
1226.146	2326.7075
1227.6741	2339.0371
1229.202	2348.2026
1230.7301	2372.3311
1232.2581	2365.5454
1233.7861	2409.749
1235.3141	2367.0554
1236.8422	2371.8672
1238.3701	2402.8508
1239.8982	2465.9607
1241.4261	2503.9324
1242.9541	2429.3347
1244.4822	2473.9597
1246.0101	2470.0652
1247.5382	2440.2405
1249.0662	2482.9082
1250.5942	2490.7847
1252.1222	2456.9333
1253.6503	2477.7832
1255.1782	2525.1133
1256.7063	2493.3862
1258.2343	2498.3738
1259.7623	2533.9055
1261.2903	2515.9502
1262.8184	2556.2852
1264.3463	2571.3855
1265.8744	2578.7029
1267.4023	2602.7026
1268.9304	2584.2151
1270.4584	2566.5088
1271.9865	2657.907
1273.5144	2608.0134
1275.0425	2605.8225
1276.5704	2658.4797
1278.0985	2730.0811
1279.6265	2732.989
1281.1545	2713.7046
1282.6825	2713.9333
1284.2106	2754.5935
1285.7385	2676.1548
1287.2666	2748.9678
1288.7946	2775.5493
1290.3226	2778
1291.8506	2752.436
1293.3787	2783.0154
1294.9066	2782.0479
1296.4347	2827.5208
1297.9626	2862.2712
1299.4907	2863.9609
1301.0187	2895.613
1302.5466	2902.3538
1304.0747	2877.5295
1305.6027	2927.0693
1307.1307	2979.4893
1308.6587	2997.1099
1310.1868	3032.9119
1311.7147	3059.5852
1313.2428	3107.3501
1314.7708	3119.5662
1316.2988	3111.5925
1317.8268	3157.0466
1319.3549	3237.863
1320.8828	3355.4307
1322.4109	3532.6489
1323.9388	3720.2996
1325.4669	4178.314
1326.9949	5548.1465
1328.5229	8715.3477
1330.0509	14029.142
1331.579	17919.174
1333.1069	18424.729
1334.635	15939.334
1336.163	11460.746
1337.691	6915.2461
1339.219	4720.2783
1340.7471	4088.0986
1342.275	3795.948
1343.8031	3724.6711
1345.3311	3678.8857
1346.8591	3608.3044
1348.3871	3723.2537
1349.9152	3689.7913
1351.4431	3659.3887
1352.9712	3690.4617
1354.4991	3676.9417
1356.0272	3693.9297
1357.5552	3732.272
1359.0833	3707.1472
1360.6112	3739.7588
1362.1392	3865.8472
1363.6672	3921.5662
1365.1952	3912.3923
1366.7233	3932.6882
1368.2512	3936.4458
1369.7793	4015.125
1371.3073	4086.5537
1372.8353	4146.0107
1374.3633	4140.144
1375.8914	4186.9106
1377.4193	4240.1372
1378.9474	4242.4077
1380.4753	4285.7676
1382.0034	4320.4653
1383.5314	4357.1768
1385.0594	4365.5874
1386.5874	4425.252
1388.1155	4514.2197
1389.6434	4560.4531
1391.1715	4558.3037
1392.6995	4630.8447
1394.2275	4612.499
1395.7555	4583.4404
1397.2836	4595.3027
1398.8115	4660.3931
1400.3396	4711.104
1401.8676	4763.8486
1403.3956	4832.4165
1404.9236	4809.8491
1406.4517	4865.6621
1407.9796	4833.2925
1409.5077	4854.2358
1411.0356	4935.2935
1412.5637	4932.3906
1414.0917	4899.0752
1415.6198	4896.7007
1417.1477	4946.5479
1418.6758	4928.582
1420.2037	5040.105
1421.7317	4969.6914
1423.2598	4971.4448
1424.7877	4930.313
1426.3158	4948.7749
1427.8438	4935.9834
1429.3718	4948.3589
1430.8998	4930.3555
1432.4279	4894.7979
1433.9558	4971.8364
1435.4839	4904.0439
1437.0118	4887.5352
1438.5399	4899.5977
1440.0679	4744.7188
1441.5959	4797.1255
1443.1239	4749.292
1444.652	4768.0918
1446.1799	4777.7051
1447.708	4682.6255
1449.236	4721.7993
1450.764	4644.0947
1452.292	4572.3843
1453.8201	4600.1797
1455.348	4600.5601
1456.8761	4526.2188
1458.4041	4600.1802
1459.9321	4574.3892
1461.4601	4434.7446
1462.9882	4477.5244
1464.5161	4384.7441
1466.0442	4402.5063
1467.5721	4330.8398
1469.1002	4297.0732
1470.6282	4271.5898
1472.1563	4284.395
1473.6842	4188.5659
1475.2123	4251.5698
1476.7402	4166.6089
1478.2683	4205.3335
1479.7963	4188.6182
1481.3242	4153.3643
1482.8523	4054.4685
1484.3802	4008.1768
1485.9083	4085.0232
1487.4363	4067.3652
1488.9644	4049.1604
1490.4923	3927.45
1492.0204	3937.3345
1493.5483	3981.8525
1495.0764	3980.8589
1496.6044	3978.0002
1498.1324	3831.7844
1499.6604	3819.5864
1501.1885	3916.9055
1502.7164	3874.1589
1504.2445	3895.3987
1505.7725	3828.4187
1507.3005	3673.3242
1508.8285	3758.0767
1510.3566	3763.1589
1511.8845	3818.0745
1513.4126	3738.6235
1514.9406	3749.0444
1516.4686	3792.4026
1517.9966	3821.4683
1519.5247	3787.6274
1521.0526	3755.8184
1522.5807	3711.7703
1524.1086	3746.752
1525.6367	3751.8542
1527.1647	3727.2273
1528.6927	3684.4553
1530.2207	3750.5718
1531.7488	3745.6133
1533.2767	3739.0103
1534.8048	3671
1536.3328	3686.3801
1537.8608	3710.4316
1539.3888	3691.6589
1540.9167	3694.8525
1542.4448	3692.3762
1543.9728	3705.7222
1545.5009	3713.9285
1547.0288	3711.812
1548.5569	3692.8391
1550.0848	3662.8635
1551.6129	3652.4307
1553.1409	3663
1554.6689	3678.6287
1556.1969	3669.573
1557.725	3642.5054
1559.2529	3643.5215
1560.781	3669.8184
1562.309	3632.1123
1563.837	3576.5662
1565.365	3616.9673
1566.8931	3672.6738
1568.421	3639.8835
1569.9491	3593.6411
1571.4771	3597.8848
1573.0051	3606.3591
1574.5331	3536.4836
1576.0612	3583.5276
1577.5891	3646.4348
1579.1172	3567.1348
1580.6451	3612.6646
1582.1732	3613.2651
1583.7012	4295.2334
1585.2292	4565.4961
1586.7572	3784.2947
1588.2853	3616.9575
1589.8132	3560.4941
1591.3413	3563.3289
1592.8693	3631.3501
1594.3973	3580.6348
1595.9253	3618.729
1597.4534	3540.7964
1598.9813	3529.3269
1600.5093	3540.7683
1602.0374	3598.9993
1603.5653	3629.3237
1605.0934	3616.5815
1606.6213	3576.8147
1608.1494	3616.4956
1609.6774	3632.5984
1611.2054	3624.051
1612.7334	3639.6477
1614.2615	3660.9661
1615.7894	3710.2527
1617.3175	3736.4573
1618.8455	3680.9067
1620.3735	3622.3457
1621.9015	3666.6011
1623.4296	3692.9089
1624.9575	3687.0342
1626.4856	3698.7842
1628.0135	3646.7346
1629.5416	3638.7043
1631.0696	3649.4355
1632.5977	3660.6829
1634.1256	3742.2393
1635.6537	3734.636
1637.1816	3803.0664
1638.7097	3798.728
1640.2377	3758.6362
1641.7657	3736.3589
1643.2937	3847.093
1644.8218	3758.3591
1646.3497	3829.3765
1647.8778	3810.6963
1649.4058	3818.7524
1650.9338	3887.2131
1652.4618	3910.1348
1653.9899	3823.2026
1655.5178	3838.5481
1657.0459	3842.7114
1658.5739	3841.3579
1660.1018	3855.7795
1661.6299	3898.0293
1663.1578	3914.0508
1664.6859	3970.2092
1666.2139	3918.3005
1667.7419	3906.8223
1669.2699	3943.2292
1670.798	3986.0701
1672.3259	3958.8706
1673.854	3971.2939
1675.382	3973.2561
1676.91	3954.7651
1678.438	3964.4954
1679.9661	4005.4287
1681.494	4023.9343
1683.0221	4058.2229
1684.55	4024.1584
1686.0781	4065.9963
1687.6061	4102.6587
1689.1342	4037.8826
1690.6621	4069.9841
1692.1902	4008.1846
1693.7181	4083.0471
1695.2462	4002.9436
1696.7742	4035.4656
1698.3022	4076.2932
1699.8302	4081.135
1701.3583	4006.9443
1702.8862	4047.0774
1704.4143	4032.0505
1705.9423	4073.8596
1707.4703	4072.4863
1708.9983	4097.8398
1710.5264	4081.6968
1712.0543	4081.5894
1713.5824	4123.9663
1715.1104	4105.6504
1716.6384	4134.3267
1718.1664	4115.8281
1719.6945	4142.6719
1721.2224	4136.6602
1722.7504	4098.0547
1724.2784	4216.0981
1725.8064	4163.3242
1727.3345	4133.4966
1728.8624	4210.0322
1730.3905	4174.8589
1731.9185	4207.8154
1733.4465	4185.6685
1734.9745	4089.8721
1736.5026	4131.7021
1738.0305	4195.8516
1739.5586	4205.2881
1741.0865	4140.084
1742.6146	4176.4619
1744.1426	4168.3325
1745.6707	4207.8599
1747.1986	4262.7734
1748.7267	4289.4038
1750.2546	4245.3794
1751.7827	4251.6919
1753.3107	4283.9126
1754.8387	4299.4365
1756.3667	4199.5483
1757.8948	4252.6187
1759.4227	4223.5503
1760.9508	4267.77
1762.4788	4287.6216
1764.0068	4327.3071
1765.5348	4369.3037
1767.0629	4367.1851
1768.5908	4341.0356
1770.1189	4345.5459
1771.6469	4382.4365
1773.1749	4337.3008
1774.7029	4320.8481
1776.231	4323.7925
1777.7589	4353.9766
1779.287	4424.1816
1780.8149	4370.3599
1782.3429	4356.2451
1783.871	4308.0571
1785.3989	4318.8008
1786.927	4407.4727
1788.455	4390.0825
1789.983	4405.0547
1791.511	4460.8379
1793.0391	4415.5547
1794.567	4400.2349
1796.0951	4387.4312
1797.623	4361.2485
1799.1511	4402.2617
1800.6791	4452.5029
1802.2072	4469.103
1803.7351	4392.458
1805.2632	4440.0913
1806.7911	4339.3037
1808.3192	4407.8901
1809.8472	4457.8032
1811.3752	4471.5225
1812.9032	4417.2056
1814.4313	4367.519
1815.9592	4415.8228
1817.4873	4432.0615
1819.0153	4418.1895
1820.5433	4411.438
1822.0713	4464.6362
1823.5994	4490.4297
1825.1273	4394.3657
1826.6554	4339.6328
1828.1833	4434.3945
1829.7114	4457.4951
1831.2394	4425.6123
1832.7675	4406.8418
1834.2954	4425.5288
1835.8235	4436.6016
1837.3514	4470.2505
1838.8795	4435.2305
1840.4075	4407.7349
1841.9354	4423.1968
1843.4635	4425.415
1844.9915	4430.9463
1846.5195	4405.2954
1848.0475	4410.4995
1849.5756	4382.9824
1851.1035	4418.4956
1852.6316	4491.2373
1854.1595	4383.6245
1855.6876	4394.561
1857.2156	4434.1533
1858.7437	4452.333
1860.2716	4379.1611
1861.7997	4405.0225
1863.3276	4363.1865
1864.8557	4323.8394
1866.3837	4403.1484
1867.9117	4467.4844
1869.4397	4571.5815
1870.9678	4416.0908
1872.4957	4428.9404
1874.0238	4469.2212
1875.5518	4372.833
1877.0798	4443.8037
1878.6078	4489.0562
1880.1359	4470.6807
1881.6638	4379.5967
1883.1919	4438.8696
1884.7198	4503.7637
1886.2479	4472.9663
1887.7759	4486.3145
1889.304	4439.394
1890.8319	4406.229
1892.36	4417.3599
1893.8879	4504.6133
1895.416	4421.8911
1896.944	4395.8311
1898.472	4451.6421
1900	4491.8174
