1000	1854.0229
1001.528	1893.3121
1003.056	1861.8508
1004.584	1834.8883
1006.1121	1855.4508
1007.6401	1875.7324
1009.1681	1890.8938
1010.6961	1904.355
1012.2241	1955.2271
1013.7521	1874.3108
1015.2802	1926.316
1016.8082	1948.998
1018.3362	1941.71
1019.8642	1957.0166
1021.3922	1958.4862
1022.9202	1941.8267
1024.4482	1947.0287
1025.9762	1945.2496
1027.5043	1937.4645
1029.0322	1934.125
1030.5603	1943.59
1032.0883	2009.8763
1033.6163	1980.4249
1035.1443	2009.4987
1036.6724	2040.7596
1038.2003	1989.4928
1039.7284	1946.95
1041.2563	1954.6012
1042.7844	1974.8322
1044.3124	1996.943
1045.8405	1996.6385
1047.3684	1973.5193
1048.8965	1969.0975
1050.4244	1994.6652
1051.9525	1999.5076
1053.4805	1975.7889
1055.0085	1991.606
1056.5365	1989.2136
1058.0646	1987.525
1059.5925	2037.98
1061.1205	2015.5527
1062.6486	2053.1531
1064.1765	2030.8268
1065.7046	2044.0031
1067.2325	2068.5854
1068.7606	2037.1912
1070.2886	2033.4127
1071.8167	2057.3079
1073.3446	2064
1074.8727	2058.9792
1076.4006	2060.6521
1077.9287	2092.999
1079.4567	2106.9424
1080.9847	2066.6934
1082.5127	2097.6509
1084.0408	2110.7837
1085.5687	2139.6072
1087.0968	2122.1919
1088.6248	2078.9646
1090.1528	2030.5372
1091.6808	2101.1384
1093.2089	2163.2578
1094.7368	2178.1157
1096.2649	2145.1472
1097.7928	2114.5078
1099.3209	2137.1841
1100.8489	2165.7236
1102.377	2170.0239
1103.9049	2185.9714
1105.433	2169.4285
1106.9609	2168.1968
1108.489	2192.0525
1110.017	2193.9363
1111.545	2167.6025
1113.073	2202.554
1114.6011	2187.5059
1116.129	2206.3767
1117.6571	2182.936
1119.1851	2221.1682
1120.713	2260.9695
1122.2411	2231.563
1123.769	2181.5278
1125.2971	2169.6301
1126.8251	2208.0193
1128.3531	2246.76
1129.8811	2217.7097
1131.4092	2232.0032
1132.9371	2285.3633
1134.4652	2276.9861
1135.9932	2226.2815
1137.5212	2240.4714
1139.0492	2272.0085
1140.5773	2239.8059
1142.1052	2265.3896
1143.6333	2327.1721
1145.1613	2260.3613
1146.6893	2267.3647
1148.2173	2312.437
1149.7454	2323.7405
1151.2733	2306.262
1152.8014	2281.7603
1154.3293	2300.332
1155.8574	2318.9375
1157.3854	2262
1158.9135	2278.0867
1160.4414	2321.0667
1161.9695	2286.623
1163.4974	2314.8701
1165.0255	2304.6252
1166.5535	2346.4326
1168.0815	2340.4297
1169.6095	2360.4519
1171.1376	2328.5208
1172.6655	2293.4875
1174.1936	2304.5979
1175.7216	2295.6821
1177.2496	2353.2285
1178.7776	2361.5376
1180.3055	2352.3137
1181.8336	2349.8699
1183.3616	2342.3811
1184.8896	2342.759
1186.4176	2345.7727
1187.9457	2366.2036
1189.4736	2402.4785
1191.0017	2442.4058
1192.5297	2477.1875
1194.0577	2436.2683
1195.5857	2375.7305
1197.1138	2429.3101
1198.6417	2397.2893
1200.1698	2445.9917
1201.6978	2414.0771
1203.2258	2401.3938
1204.7538	2453.9438
1206.2819	2506.6926
1207.8098	2460.7429
1209.3379	2422.0811
1210.8658	2461.4299
1212.3939	2486
1213.9219	2491.7419
1215.45	2477.3599
1216.9779	2515.5078
1218.506	2548.166
1220.0339	2547.2283
1221.562	2583.9495
1223.09	2564.5659
1224.618	2559.3848
1226.146	2584.7886
1227.6741	2528.3279
1229.202	2601.9722
1230.7301	2585.8513
1232.2581	2615.1194
1233.7861	2646.3496
1235.3141	2633.7231
1236.8422	2609.6641
1238.3701	2580.9539
1239.8982	2661.4763
1241.4261	2662.4077
1242.9541	2689.7454
1244.4822	2698.3528
1246.0101	2687.0374
1247.5382	2734.209
1249.0662	2734.1018
1250.5942	2681.2805
1252.1222	2687.6848
1253.6503	2735.1631
1255.1782	2727.3301
1256.7063	2714.4014
1258.2343	2750.9614
1259.7623	2786.2366
1261.2903	2779.5706
1262.8184	2762.571
1264.3463	2774.1252
1265.8744	2767.7356
1267.4023	2797.0168
1268.9304	2861.7727
1270.4584	2820.1082
1271.9865	2778.0125
1273.5144	2845.4106
1275.0425	2826.3633
1276.5704	2818.2908
1278.0985	2794.051
1279.6265	2903.5901
1281.1545	2850.9375
1282.6825	2871.4014
1284.2106	2882.9229
1285.7385	2973.8218
1287.2666	2917.175
1288.7946	2932.4014
1290.3226	2953.8582
1291.8506	2988.0754
1293.3787	3020.3977
1294.9066	2997.7896
1296.4347	3064.4431
1297.9626	3091.0027
1299.4907	3088.4705
1301.0187	3086.7842
1302.5466	3116.0867
1304.0747	3149.8059
1305.6027	3214.573
1307.1307	3218.6082
1308.6587	3194.5012
1310.1868	3251.3196
1311.7147	3289.8687
1313.2428	3340.3542
1314.7708	3358.7061
1316.2988	3375.658
1317.8268	3430.2131
1319.3549	3535.4673
1320.8828	3616.0156
1322.4109	3717.135
1323.9388	3975.4336
1325.4669	4490.7939
1326.9949	5604.4985
1328.5229	8692.1748
1330.0509	13942.13
1331.579	17704.695
1333.1069	17703.225
1334.635	15417.396
1336.163	11023.889
1337.691	6766.9453
1339.219	4908.4263
1340.7471	4268.647
1342.275	4057.2231
1343.8031	3998.1362
1345.3311	3906.6672
1346.8591	3954.439
1348.3871	3911.01
1349.9152	3882.9673
1351.4431	3923.2971
1352.9712	3982.0254
1354.4991	3976.4524
1356.0272	3996.3958
1357.5552	4093.1023
1359.0833	4054.2944
1360.6112	4033.5125
1362.1392	4062.7339
1363.6672	4074.3584
1365.1952	4166.9727
1366.7233	4226.6392
1368.2512	4270.8408
1369.7793	4340.0571
1371.3073	4339.4546
1372.8353	4336.0332
1374.3633	4384.8765
1375.8914	4423.1509
1377.4193	4451.6934
1378.9474	4519.126
1380.4753	4549.3716
1382.0034	4584.7236
1383.5314	4662.7319
1385.0594	4668.7646
1386.5874	4665.9282
1388.1155	4716.4399
1389.6434	4818.5283
1391.1715	4805.9858
1392.6995	4792.7368
1394.2275	4837.3921
1395.7555	4874.0103
1397.2836	4947.9771
1398.8115	5000.4888
1400.3396	5050.8403
1401.8676	5063.3081
1403.3956	5054.6655
1404.9236	5135.3086
1406.4517	5184.1997
1407.9796	5143.5854
1409.5077	5138.0981
1411.0356	5141.0352
1412.5637	5201.6641
1414.0917	5325.8818
1415.6198	5230.8828
1417.1477	5261.7896
1418.6758	5260.3838
1420.2037	5300.4722
1421.7317	5179.0703
1423.2598	5245.0854
1424.7877	5272.6533
1426.3158	5247.79
1427.8438	5194.2568
1429.3718	5284.6851
1430.8998	5213.8618
1432.4279	5260.7656
1433.9558	5195.6914
1435.4839	5237.5669
1437.0118	5136.0874
1438.5399	5137.6621
1440.0679	5142.5249
1441.5959	5115.5586
1443.1239	5142.6284
1444.652	5064.6978
1446.1799	5002.8472
1447.708	5010.4063
1449.236	4925.8628
1450.764	5056.7983
1452.292	4925.2939
1453.8201	4982.5854
1455.348	4807.0151
1456.8761	4872.6479
1458.4041	4817.9219
1459.9321	4816.9541
1461.4601	4839.5098
1462.9882	4801.2183
1464.5161	4828.6494
1466.0442	4682.2144
1467.5721	4656.7578
1469.1002	4565.7896
1470.6282	4588.833
1472.1563	4610.3389
1473.6842	4564.2192
1475.2123	4541.5229
1476.7402	4477.4302
1478.2683	4439.4165
1479.7963	4446.0205
1481.3242	4381.6523
1482.8523	4414.6147
1484.3802	4384.0967
1485.9083	4326.5811
1487.4363	4267.6348
1488.9644	4280.5327
1490.4923	4317.2358
1492.0204	4270.8174
1493.5483	4189.5474
1495.0764	4208.7656
1496.6044	4210.8022
1498.1324	4265.5063
1499.6604	4268.3525
1501.1885	4149.4961
1502.7164	4167.9424
1504.2445	4062.9373
1505.7725	4109.7622
1507.3005	4114.665
1508.8285	4143.5864
1510.3566	4036.9507
1511.8845	4082.4446
1513.4126	4064.9614
1514.9406	4066.0918
1516.4686	4004.1167
1517.9966	4070.0042
1519.5247	4052.6348
1521.0526	4018.7976
1522.5807	4023.2854
1524.1086	4006.4302
1525.6367	3984.604
1527.1647	4001.4607
1528.6927	4034.7561
1530.2207	4023.437
1531.7488	3989.634
1533.2767	3922.0801
1534.8048	3932.5605
1536.3328	3923.606
1537.8608	3988.6733
1539.3888	3971
1540.9167	3969.9631
1542.4448	3981.2622
1543.9728	3980.4331
1545.5009	3946.7141
1547.0288	3964.188
1548.5569	3916.1956
1550.0848	3848.5662
1551.6129	3889.7366
1553.1409	3924.2927
1554.6689	3966.782
1556.1969	3965.9758
1557.725	3977.6248
1559.2529	4011.53
1560.781	3945.8933
1562.309	3959.5701
1563.837	3980.4141
1565.365	3926.1045
1566.8931	3888.6807
1568.421	3816.3865
1569.9491	3877.9392
1571.4771	3908.875
1573.0051	3867.4575
1574.5331	3917.5344
1576.0612	3886.1365
1577.5891	3902.0691
1579.1172	3919.7861
1580.6451	3919.4448
1582.1732	3945.3174
1583.7012	3884.9128
1585.2292	3927.9092
1586.7572	3909.7432
1588.2853	3844.1443
1589.8132	3858.5903
1591.3413	3787.8909
1592.8693	3825.635
1594.3973	3858.0952
1595.9253	3868.9321
1597.4534	3903.7471
1598.9813	3942.5051
1600.5093	3845.3032
1602.0374	3966.2942
1603.5653	3954.8308
1605.0934	3917.0542
1606.6213	3881.4568
1608.1494	3865.6799
1609.6774	3885.8186
1611.2054	3849.8674
1612.7334	3899.2092
1614.2615	3917.6357
1615.7894	3901.2803
1617.3175	3919.3027
1618.8455	3977
1620.3735	3999.7141
1621.9015	4018.2217
1623.4296	3969.2717
1624.9575	3951.4514
1626.4856	3976.6931
1628.0135	3974.7388
1629.5416	3971.6958
1631.0696	3978.3967
1632.5977	4012.0869
1634.1256	4006.6179
1635.6537	4006.4092
1637.1816	4055.8928
1638.7097	4084.2563
1640.2377	4080.1821
1641.7657	4092.6409
1643.2937	4115.438
1644.8218	4131.2798
1646.3497	4122.9985
1647.8778	4095.6379
1649.4058	4143.7368
1650.9338	4173.937
1652.4618	4166.3779
1653.9899	4175.6011
1655.5178	4188.3711
1657.0459	4217.7134
1658.5739	4135.8633
1660.1018	4163.4834
1661.6299	4223.2134
1663.1578	4222.0591
1664.6859	4186.1001
1666.2139	4213.8628
1667.7419	4241.4111
1669.2699	4274.1069
1670.798	4247.4023
1672.3259	4282.2949
1673.854	4267.8223
1675.382	4253.4307
1676.91	4236.2476
1678.438	4267.4131
1679.9661	4322.7031
1681.494	4368.479
1683.0221	4312.2363
1684.55	4309.0493
1686.0781	4258.4463
1687.6061	4348.0361
1689.1342	4292.8159
1690.6621	4335.6899
1692.1902	4409.6396
1693.7181	4319.0132
1695.2462	4345.2231
1696.7742	4412.9028
1698.3022	4317.8462
1699.8302	4366.7192
1701.3583	4380.3237
1702.8862	4368.6421
1704.4143	4356.8745
1705.9423	4378.4639
1707.4703	4417
1708.9983	4419.4331
1710.5264	4427.8413
1712.0543	4428.9668
1713.5824	4411.7061
1715.1104	4441.0176
1716.6384	4507.0396
1718.1664	4431.1738
1719.6945	4402.6113
1721.2224	4414.9312
1722.7504	4409.811
1724.2784	4512.1685
1725.8064	4424.5078
1727.3345	4459.7085
1728.8624	4449.3931
1730.3905	4415.9155
1731.9185	4436.8154
1733.4465	4462.0225
1734.9745	4483.6938
1736.5026	4443.4121
1738.0305	4445.8447
1739.5586	4412.6343
1741.0865	4441.5967
1742.6146	4493.0674
1744.1426	4527.8228
1745.6707	4530.8237
1747.1986	4538.5405
1748.7267	4570.3184
1750.2546	4537.5527
1751.7827	4520.2031
1753.3107	4574.1143
1754.8387	4494.8579
1756.3667	4542.6167
1757.8948	4608.9263
1759.4227	4655.8438
1760.9508	4574.6333
1762.4788	4549.6851
1764.0068	4578.3862
1765.5348	4627.0166
1767.0629	4621.6309
1768.5908	4649.8608
1770.1189	4662.981
1771.6469	4689.2378
1773.1749	4647.3716
1774.7029	4638.5601
1776.231	4672.2261
1777.7589	4588.2764
1779.287	4648.3286
1780.8149	4715.8047
1782.3429	4721
1783.871	4649.854
1785.3989	4715.1123
1786.927	4720.0527
1788.455	4640.5059
1789.983	4701.6279
1791.511	4670.5195
1793.0391	4667.0615
1794.567	4693.6514
1796.0951	4709.0566
1797.623	4722.8442
1799.1511	4734.3242
1800.6791	4742.5991
1802.2072	4706.1973
1803.7351	4749.7393
1805.2632	4730.7349
1806.7911	4637.3735
1808.3192	4743.2725
1809.8472	4751.2783
1811.3752	4683.8022
1812.9032	4715.6069
1814.4313	4657.0977
1815.9592	4670.8047
1817.4873	4730.751
1819.0153	4711.7148
1820.5433	4727.0718
1822.0713	4700.7061
1823.5994	4717.6807
1825.1273	4732.2964
1826.6554	4680.4531
1828.1833	4723.6006
1829.7114	4732.8989
1831.2394	4695.0215
1832.7675	4644.0522
1834.2954	4665.5229
1835.8235	4722.2266
1837.3514	4704.6172
1838.8795	4656.5972
1840.4075	4660.8218
1841.9354	4690.7559
1843.4635	4772.9434
1844.9915	4764.627
1846.5195	4671.7529
1848.0475	4690.9995
1849.5756	4669.8511
1851.1035	4688.5439
1852.6316	4725.5801
1854.1595	4584.6729
1855.6876	4670.4932
1857.2156	4704.7241
1858.7437	4703.1577
1860.2716	4721.8716
1861.7997	4695.603
1863.3276	4626.2974
1864.8557	4701.9727
1866.3837	4773.4878
1867.9117	4777.1304
1869.4397	4730.9448
1870.9678	4698.0869
1872.4957	4658.0811
1874.0238	4737.7271
1875.5518	4799.9956
1877.0798	4821.7681
1878.6078	4792.4624
1880.1359	4718.0972
1881.6638	4779.2891
1883.1919	4746.813
1884.7198	4733.1563
1886.2479	4759.1748
1887.7759	4752.1577
1889.304	4766.9336
1890.8319	4793.771
1892.36	4754.8398
1893.8879	4772.0469
1895.416	4736.4565
1896.944	4817.3994
1898.472	4813.7949
1900	4748.9321
